<?xml version="1.0" encoding="utf-8" standalone="no"?>
<!DOCTYPE svg PUBLIC "-//W3C//DTD SVG 1.1//EN"
  "http://www.w3.org/Graphics/SVG/1.1/DTD/svg11.dtd">
<svg xmlns:xlink="http://www.w3.org/1999/xlink" width="864pt" height="576pt" viewBox="0 0 864 576" xmlns="http://www.w3.org/2000/svg" version="1.1">
 <metadata>
  <rdf:RDF xmlns:dc="http://purl.org/dc/elements/1.1/" xmlns:cc="http://creativecommons.org/ns#" xmlns:rdf="http://www.w3.org/1999/02/22-rdf-syntax-ns#">
   <cc:Work>
    <dc:type rdf:resource="http://purl.org/dc/dcmitype/StillImage"/>
    <dc:date>2023-12-21T15:00:09.189877</dc:date>
    <dc:format>image/svg+xml</dc:format>
    <dc:creator>
     <cc:Agent>
      <dc:title>Matplotlib v3.8.2, https://matplotlib.org/</dc:title>
     </cc:Agent>
    </dc:creator>
   </cc:Work>
  </rdf:RDF>
 </metadata>
 <defs>
  <style type="text/css">*{stroke-linejoin: round; stroke-linecap: butt}</style>
 </defs>
 <g id="figure_1">
  <g id="patch_1">
   <path d="M 0 576 
L 864 576 
L 864 0 
L 0 0 
z
" style="fill: #ffffff"/>
  </g>
  <g id="axes_1">
   <g id="patch_2">
    <path d="M 664.56 290.88 
C 664.56 261.758744 658.823747 232.920655 647.679525 206.016122 
C 636.535303 179.111589 620.199838 154.663838 599.608 134.072 
C 579.016162 113.480162 554.568411 97.144697 527.663878 86.000475 
C 500.759345 74.856253 471.921256 69.12 442.8 69.12 
C 413.678744 69.12 384.840655 74.856253 357.936122 86.000475 
C 331.031589 97.144697 306.583838 113.480162 285.992 134.072 
C 265.400162 154.663838 249.064697 179.111589 237.920475 206.016122 
C 226.776253 232.920655 221.04 261.758744 221.04 290.88 
C 221.04 320.001256 226.776253 348.839345 237.920475 375.743878 
C 249.064697 402.648411 265.400162 427.096162 285.992 447.688 
C 306.583838 468.279838 331.031589 484.615303 357.936122 495.759525 
C 384.840655 506.903747 413.678744 512.64 442.8 512.64 
C 471.921256 512.64 500.759345 506.903747 527.663878 495.759525 
C 554.568411 484.615303 579.016162 468.279838 599.608 447.688 
C 620.199838 427.096162 636.535303 402.648411 647.679525 375.743878 
C 658.823747 348.839345 664.56 320.001256 664.56 290.88 
M 442.8 290.88 
C 442.8 290.88 442.8 290.88 442.8 290.88 
C 442.8 290.88 442.8 290.88 442.8 290.88 
C 442.8 290.88 442.8 290.88 442.8 290.88 
C 442.8 290.88 442.8 290.88 442.8 290.88 
C 442.8 290.88 442.8 290.88 442.8 290.88 
C 442.8 290.88 442.8 290.88 442.8 290.88 
C 442.8 290.88 442.8 290.88 442.8 290.88 
C 442.8 290.88 442.8 290.88 442.8 290.88 
C 442.8 290.88 442.8 290.88 442.8 290.88 
C 442.8 290.88 442.8 290.88 442.8 290.88 
C 442.8 290.88 442.8 290.88 442.8 290.88 
C 442.8 290.88 442.8 290.88 442.8 290.88 
C 442.8 290.88 442.8 290.88 442.8 290.88 
C 442.8 290.88 442.8 290.88 442.8 290.88 
C 442.8 290.88 442.8 290.88 442.8 290.88 
C 442.8 290.88 442.8 290.88 442.8 290.88 
z
" style="fill: #ffffff"/>
   </g>
   <g id="PolyCollection_1">
    <defs>
     <path id="meded26ed96" d="M 442.8 -312.353684 
L 442.8 -285.12 
L 442.8 -285.12 
L 442.8 -285.12 
L 442.8 -285.12 
L 442.8 -285.12 
L 442.8 -285.12 
L 442.8 -285.12 
L 442.8 -285.12 
L 442.8 -285.12 
L 442.8 -285.12 
L 442.8 -285.12 
L 442.8 -285.12 
L 442.8 -285.12 
L 442.8 -285.12 
L 442.8 -285.12 
L 442.8 -285.12 
L 442.8 -285.12 
L 442.8 -285.12 
L 442.8 -285.12 
L 442.8 -285.12 
L 442.8 -285.12 
L 442.8 -285.12 
L 442.8 -285.12 
L 442.8 -285.12 
L 442.8 -285.12 
L 442.8 -285.12 
L 442.8 -285.12 
L 442.8 -285.12 
L 442.8 -285.12 
L 442.8 -285.12 
L 442.8 -285.12 
L 442.8 -285.12 
L 442.8 -285.12 
L 442.8 -285.12 
L 442.8 -285.12 
L 442.8 -285.12 
L 442.8 -285.12 
L 442.8 -285.12 
L 442.8 -285.12 
L 442.8 -285.12 
L 442.8 -285.12 
L 442.8 -285.12 
L 442.8 -285.12 
L 442.8 -285.12 
L 442.8 -285.12 
L 442.8 -285.12 
L 442.8 -285.12 
L 442.8 -285.12 
L 442.8 -285.12 
L 442.8 -285.12 
L 442.8 -285.12 
L 442.8 -285.12 
L 442.8 -285.12 
L 442.8 -285.12 
L 442.8 -285.12 
L 442.8 -285.12 
L 442.8 -285.12 
L 442.8 -285.12 
L 442.8 -285.12 
L 442.8 -285.12 
L 442.8 -285.12 
L 442.8 -285.12 
L 442.8 -285.12 
L 442.8 -285.12 
L 442.8 -285.12 
L 442.8 -285.12 
L 442.8 -285.12 
L 442.8 -285.12 
L 442.8 -285.12 
L 442.8 -285.12 
L 442.8 -285.12 
L 442.8 -285.12 
L 442.8 -285.12 
L 442.8 -285.12 
L 442.8 -285.12 
L 442.8 -285.12 
L 442.8 -285.12 
L 442.8 -285.12 
L 442.8 -285.12 
L 442.8 -285.12 
L 442.8 -285.12 
L 442.8 -285.12 
L 442.8 -285.12 
L 442.8 -285.12 
L 442.8 -285.12 
L 442.8 -285.12 
L 442.8 -285.12 
L 442.8 -285.12 
L 442.8 -285.12 
L 442.8 -285.12 
L 442.8 -285.12 
L 442.8 -285.12 
L 442.8 -285.12 
L 442.8 -285.12 
L 442.8 -285.12 
L 442.8 -285.12 
L 442.8 -285.12 
L 442.8 -285.12 
L 442.8 -285.12 
L 442.8 -285.12 
L 442.8 -285.12 
L 458.298755 -276.171789 
L 457.45989 -274.855035 
L 456.509454 -273.616402 
L 455.454681 -272.465319 
L 454.303598 -271.410546 
L 453.064965 -270.46011 
L 451.748211 -269.621245 
L 450.363354 -268.900334 
L 448.920936 -268.302865 
L 447.431935 -267.833385 
L 445.907681 -267.495466 
L 444.359776 -267.29168 
L 442.8 -267.223579 
L 441.240224 -267.29168 
L 439.692319 -267.495466 
L 438.168065 -267.833385 
L 436.679064 -268.302865 
L 435.236646 -268.900334 
L 433.851789 -269.621245 
L 432.535035 -270.46011 
L 431.296402 -271.410546 
L 430.145319 -272.465319 
L 429.090546 -273.616402 
L 428.14011 -274.855035 
L 427.301245 -276.171789 
L 419.214938 -271.503158 
L 418.1179 -273.610548 
L 417.208708 -275.805531 
L 416.494281 -278.071404 
L 415.980057 -280.39092 
L 415.669948 -282.746428 
L 415.566316 -285.12 
L 415.669948 -287.493572 
L 415.980057 -289.84908 
L 416.494281 -292.168596 
L 417.208708 -294.434469 
L 418.1179 -296.629452 
L 419.214938 -298.736842 
L 420.491472 -300.7406 
L 421.937788 -302.625475 
L 423.542877 -304.377123 
L 425.294525 -305.982212 
L 427.1794 -307.428528 
L 429.183158 -308.705062 
L 431.290548 -309.8021 
L 433.485531 -310.711292 
L 435.751404 -311.425719 
L 438.07092 -311.939943 
L 440.426428 -312.250052 
L 442.8 -312.353684 
z
" style="stroke: #3e0081"/>
    </defs>
    <g clip-path="url(#pb1bc1b2459)">
     <use xlink:href="#meded26ed96" x="0" y="576" style="fill: #3e0081; stroke: #3e0081"/>
    </g>
   </g>
   <g id="PolyCollection_2">
    <defs>
     <path id="mcd4eaf26bf" d="M 442.8 -425.178947 
L 442.8 -312.353684 
L 440.426428 -312.250052 
L 438.07092 -311.939943 
L 435.751404 -311.425719 
L 433.485531 -310.711292 
L 431.290548 -309.8021 
L 429.183158 -308.705062 
L 427.1794 -307.428528 
L 425.294525 -305.982212 
L 423.542877 -304.377123 
L 421.937788 -302.625475 
L 420.491472 -300.7406 
L 419.214938 -298.736842 
L 418.1179 -296.629452 
L 417.208708 -294.434469 
L 416.494281 -292.168596 
L 415.980057 -289.84908 
L 415.669948 -287.493572 
L 415.566316 -285.12 
L 415.669948 -282.746428 
L 415.980057 -280.39092 
L 416.494281 -278.071404 
L 417.208708 -275.805531 
L 418.1179 -273.610548 
L 419.214938 -271.503158 
L 427.301245 -276.171789 
L 428.14011 -274.855035 
L 429.090546 -273.616402 
L 430.145319 -272.465319 
L 431.296402 -271.410546 
L 432.535035 -270.46011 
L 433.851789 -269.621245 
L 435.236646 -268.900334 
L 436.679064 -268.302865 
L 438.168065 -267.833385 
L 439.692319 -267.495466 
L 441.240224 -267.29168 
L 442.8 -267.223579 
L 444.359776 -267.29168 
L 445.907681 -267.495466 
L 447.431935 -267.833385 
L 448.920936 -268.302865 
L 450.363354 -268.900334 
L 451.748211 -269.621245 
L 453.064965 -270.46011 
L 454.303598 -271.410546 
L 455.454681 -272.465319 
L 456.509454 -273.616402 
L 457.45989 -274.855035 
L 458.298755 -276.171789 
L 442.8 -285.12 
L 442.8 -285.12 
L 442.8 -285.12 
L 442.8 -285.12 
L 442.8 -285.12 
L 442.8 -285.12 
L 442.8 -285.12 
L 442.8 -285.12 
L 442.8 -285.12 
L 442.8 -285.12 
L 442.8 -285.12 
L 442.8 -285.12 
L 442.8 -285.12 
L 442.8 -285.12 
L 442.8 -285.12 
L 442.8 -285.12 
L 442.8 -285.12 
L 442.8 -285.12 
L 442.8 -285.12 
L 442.8 -285.12 
L 442.8 -285.12 
L 442.8 -285.12 
L 442.8 -285.12 
L 442.8 -285.12 
L 442.8 -285.12 
L 442.8 -289.399579 
L 442.8 -289.399579 
L 443.17299 -289.383294 
L 443.543141 -289.334563 
L 443.907637 -289.253756 
L 444.263702 -289.141489 
L 444.608628 -288.998616 
L 444.939789 -288.826224 
L 445.254666 -288.625626 
L 445.55086 -288.398348 
L 445.826119 -288.146119 
L 446.078348 -287.87086 
L 446.305626 -287.574666 
L 446.506224 -287.259789 
L 446.678616 -286.928628 
L 446.821489 -286.583702 
L 446.933756 -286.227637 
L 447.014563 -285.863141 
L 447.063294 -285.49299 
L 447.079579 -285.12 
L 447.063294 -284.74701 
L 447.014563 -284.376859 
L 446.933756 -284.012363 
L 446.821489 -283.656298 
L 446.678616 -283.311372 
L 446.506224 -282.980211 
L 473.123652 -267.612632 
L 471.482393 -265.036372 
L 469.622845 -262.612961 
L 467.559158 -260.360842 
L 465.307039 -258.297155 
L 462.883628 -256.437607 
L 460.307368 -254.796348 
L 457.597867 -253.385871 
L 454.775745 -252.21691 
L 451.862481 -251.298361 
L 448.880245 -250.637216 
L 445.851735 -250.238505 
L 442.8 -250.105263 
L 439.748265 -250.238505 
L 436.719755 -250.637216 
L 433.737519 -251.298361 
L 430.824255 -252.21691 
L 428.002133 -253.385871 
L 425.292632 -254.796348 
L 422.716372 -256.437607 
L 420.292961 -258.297155 
L 418.040842 -260.360842 
L 415.977155 -262.612961 
L 414.117607 -265.036372 
L 412.476348 -267.612632 
L 321.505394 -215.090526 
L 315.863485 -225.928531 
L 311.187641 -237.217019 
L 307.513446 -248.870077 
L 304.868863 -260.799019 
L 303.274019 -272.913058 
L 302.741053 -285.12 
L 303.274019 -297.326942 
L 304.868863 -309.440981 
L 307.513446 -321.369923 
L 311.187641 -333.022981 
L 315.863485 -344.311469 
L 321.505394 -355.149474 
L 328.070427 -365.454512 
L 335.508622 -375.148156 
L 343.763369 -384.156631 
L 352.771844 -392.411378 
L 362.465488 -399.849573 
L 372.770526 -406.414606 
L 383.608531 -412.056515 
L 394.897019 -416.732359 
L 406.550077 -420.406554 
L 418.479019 -423.051137 
L 430.593058 -424.645981 
L 442.8 -425.178947 
z
" style="stroke: #a447a5"/>
    </defs>
    <g clip-path="url(#pb1bc1b2459)">
     <use xlink:href="#mcd4eaf26bf" x="0" y="576" style="fill: #a447a5; stroke: #a447a5"/>
    </g>
   </g>
   <g id="PolyCollection_3">
    <defs>
     <path id="mddf89d0ee7" d="M 442.8 -425.178947 
L 442.8 -425.178947 
L 430.593058 -424.645981 
L 418.479019 -423.051137 
L 406.550077 -420.406554 
L 394.897019 -416.732359 
L 383.608531 -412.056515 
L 372.770526 -406.414606 
L 362.465488 -399.849573 
L 352.771844 -392.411378 
L 343.763369 -384.156631 
L 335.508622 -375.148156 
L 328.070427 -365.454512 
L 321.505394 -355.149474 
L 315.863485 -344.311469 
L 311.187641 -333.022981 
L 307.513446 -321.369923 
L 304.868863 -309.440981 
L 303.274019 -297.326942 
L 302.741053 -285.12 
L 303.274019 -272.913058 
L 304.868863 -260.799019 
L 307.513446 -248.870077 
L 311.187641 -237.217019 
L 315.863485 -225.928531 
L 321.505394 -215.090526 
L 412.476348 -267.612632 
L 414.117607 -265.036372 
L 415.977155 -262.612961 
L 418.040842 -260.360842 
L 420.292961 -258.297155 
L 422.716372 -256.437607 
L 425.292632 -254.796348 
L 428.002133 -253.385871 
L 430.824255 -252.21691 
L 433.737519 -251.298361 
L 436.719755 -250.637216 
L 439.748265 -250.238505 
L 442.8 -250.105263 
L 445.851735 -250.238505 
L 448.880245 -250.637216 
L 451.862481 -251.298361 
L 454.775745 -252.21691 
L 457.597867 -253.385871 
L 460.307368 -254.796348 
L 462.883628 -256.437607 
L 465.307039 -258.297155 
L 467.559158 -260.360842 
L 469.622845 -262.612961 
L 471.482393 -265.036372 
L 473.123652 -267.612632 
L 446.506224 -282.980211 
L 446.678616 -283.311372 
L 446.821489 -283.656298 
L 446.933756 -284.012363 
L 447.014563 -284.376859 
L 447.063294 -284.74701 
L 447.079579 -285.12 
L 447.063294 -285.49299 
L 447.014563 -285.863141 
L 446.933756 -286.227637 
L 446.821489 -286.583702 
L 446.678616 -286.928628 
L 446.506224 -287.259789 
L 446.305626 -287.574666 
L 446.078348 -287.87086 
L 445.826119 -288.146119 
L 445.55086 -288.398348 
L 445.254666 -288.625626 
L 444.939789 -288.826224 
L 444.608628 -288.998616 
L 444.263702 -289.141489 
L 443.907637 -289.253756 
L 443.543141 -289.334563 
L 443.17299 -289.383294 
L 442.8 -289.399579 
L 442.8 -289.399579 
L 442.8 -289.399579 
L 443.17299 -289.383294 
L 443.543141 -289.334563 
L 443.907637 -289.253756 
L 444.263702 -289.141489 
L 444.608628 -288.998616 
L 444.939789 -288.826224 
L 445.254666 -288.625626 
L 445.55086 -288.398348 
L 445.826119 -288.146119 
L 446.078348 -287.87086 
L 446.305626 -287.574666 
L 446.506224 -287.259789 
L 446.678616 -286.928628 
L 446.821489 -286.583702 
L 446.933756 -286.227637 
L 447.014563 -285.863141 
L 447.063294 -285.49299 
L 447.079579 -285.12 
L 447.063294 -284.74701 
L 447.014563 -284.376859 
L 446.933756 -284.012363 
L 446.821489 -283.656298 
L 446.678616 -283.311372 
L 446.506224 -282.980211 
L 473.123652 -267.612632 
L 471.482393 -265.036372 
L 469.622845 -262.612961 
L 467.559158 -260.360842 
L 465.307039 -258.297155 
L 462.883628 -256.437607 
L 460.307368 -254.796348 
L 457.597867 -253.385871 
L 454.775745 -252.21691 
L 451.862481 -251.298361 
L 448.880245 -250.637216 
L 445.851735 -250.238505 
L 442.8 -250.105263 
L 439.748265 -250.238505 
L 436.719755 -250.637216 
L 433.737519 -251.298361 
L 430.824255 -252.21691 
L 428.002133 -253.385871 
L 425.292632 -254.796348 
L 422.716372 -256.437607 
L 420.292961 -258.297155 
L 418.040842 -260.360842 
L 415.977155 -262.612961 
L 414.117607 -265.036372 
L 412.476348 -267.612632 
L 321.505394 -215.090526 
L 315.863485 -225.928531 
L 311.187641 -237.217019 
L 307.513446 -248.870077 
L 304.868863 -260.799019 
L 303.274019 -272.913058 
L 302.741053 -285.12 
L 303.274019 -297.326942 
L 304.868863 -309.440981 
L 307.513446 -321.369923 
L 311.187641 -333.022981 
L 315.863485 -344.311469 
L 321.505394 -355.149474 
L 328.070427 -365.454512 
L 335.508622 -375.148156 
L 343.763369 -384.156631 
L 352.771844 -392.411378 
L 362.465488 -399.849573 
L 372.770526 -406.414606 
L 383.608531 -412.056515 
L 394.897019 -416.732359 
L 406.550077 -420.406554 
L 418.479019 -423.051137 
L 430.593058 -424.645981 
L 442.8 -425.178947 
z
" style="stroke: #6586cd"/>
    </defs>
    <g clip-path="url(#pb1bc1b2459)">
     <use xlink:href="#mddf89d0ee7" x="0" y="576" style="fill: #6586cd; stroke: #6586cd"/>
    </g>
   </g>
   <g id="PolyCollection_4">
    <defs>
     <path id="mcc5141b924" d="M 442.8 -454.746947 
L 442.8 -425.178947 
L 430.593058 -424.645981 
L 418.479019 -423.051137 
L 406.550077 -420.406554 
L 394.897019 -416.732359 
L 383.608531 -412.056515 
L 372.770526 -406.414606 
L 362.465488 -399.849573 
L 352.771844 -392.411378 
L 343.763369 -384.156631 
L 335.508622 -375.148156 
L 328.070427 -365.454512 
L 321.505394 -355.149474 
L 315.863485 -344.311469 
L 311.187641 -333.022981 
L 307.513446 -321.369923 
L 304.868863 -309.440981 
L 303.274019 -297.326942 
L 302.741053 -285.12 
L 303.274019 -272.913058 
L 304.868863 -260.799019 
L 307.513446 -248.870077 
L 311.187641 -237.217019 
L 315.863485 -225.928531 
L 321.505394 -215.090526 
L 412.476348 -267.612632 
L 414.117607 -265.036372 
L 415.977155 -262.612961 
L 418.040842 -260.360842 
L 420.292961 -258.297155 
L 422.716372 -256.437607 
L 425.292632 -254.796348 
L 428.002133 -253.385871 
L 430.824255 -252.21691 
L 433.737519 -251.298361 
L 436.719755 -250.637216 
L 439.748265 -250.238505 
L 442.8 -250.105263 
L 445.851735 -250.238505 
L 448.880245 -250.637216 
L 451.862481 -251.298361 
L 454.775745 -252.21691 
L 457.597867 -253.385871 
L 460.307368 -254.796348 
L 462.883628 -256.437607 
L 465.307039 -258.297155 
L 467.559158 -260.360842 
L 469.622845 -262.612961 
L 471.482393 -265.036372 
L 473.123652 -267.612632 
L 446.506224 -282.980211 
L 446.678616 -283.311372 
L 446.821489 -283.656298 
L 446.933756 -284.012363 
L 447.014563 -284.376859 
L 447.063294 -284.74701 
L 447.079579 -285.12 
L 447.063294 -285.49299 
L 447.014563 -285.863141 
L 446.933756 -286.227637 
L 446.821489 -286.583702 
L 446.678616 -286.928628 
L 446.506224 -287.259789 
L 446.305626 -287.574666 
L 446.078348 -287.87086 
L 445.826119 -288.146119 
L 445.55086 -288.398348 
L 445.254666 -288.625626 
L 444.939789 -288.826224 
L 444.608628 -288.998616 
L 444.263702 -289.141489 
L 443.907637 -289.253756 
L 443.543141 -289.334563 
L 443.17299 -289.383294 
L 442.8 -289.399579 
L 442.8 -308.074105 
L 442.8 -308.074105 
L 444.800582 -307.986758 
L 446.785939 -307.725381 
L 448.74096 -307.291963 
L 450.650766 -306.689803 
L 452.500824 -305.923484 
L 454.277053 -304.998838 
L 455.965934 -303.922902 
L 457.554614 -302.703865 
L 459.031003 -301.351003 
L 460.383865 -299.874614 
L 461.602902 -298.285934 
L 462.678838 -296.597053 
L 463.603484 -294.820824 
L 464.369803 -292.970766 
L 464.971963 -291.06096 
L 465.405381 -289.105939 
L 465.666758 -287.120582 
L 465.754105 -285.12 
L 465.666758 -283.119418 
L 465.405381 -281.134061 
L 464.971963 -279.17904 
L 464.369803 -277.269234 
L 463.603484 -275.419176 
L 462.678838 -273.642947 
L 492.66556 -256.330105 
L 489.966602 -252.09359 
L 486.908678 -248.108425 
L 483.51506 -244.40494 
L 479.811575 -241.011322 
L 475.82641 -237.953398 
L 471.589895 -235.25444 
L 467.134271 -232.934988 
L 462.493448 -231.012697 
L 457.702746 -229.502194 
L 452.798626 -228.414977 
L 447.818409 -227.759319 
L 442.8 -227.540211 
L 437.781591 -227.759319 
L 432.801374 -228.414977 
L 427.897254 -229.502194 
L 423.106552 -231.012697 
L 418.465729 -232.934988 
L 414.010105 -235.25444 
L 409.77359 -237.953398 
L 405.788425 -241.011322 
L 402.08494 -244.40494 
L 398.691322 -248.108425 
L 395.633398 -252.09359 
L 392.93444 -256.330105 
L 295.898754 -200.306526 
L 289.065777 -213.432554 
L 283.402809 -227.104167 
L 278.952951 -241.217315 
L 275.750067 -255.66459 
L 273.818534 -270.336037 
L 273.173053 -285.12 
L 273.818534 -299.903963 
L 275.750067 -314.57541 
L 278.952951 -329.022685 
L 283.402809 -343.135833 
L 289.065777 -356.807446 
L 295.898754 -369.933474 
L 303.849739 -382.41402 
L 312.85822 -394.1541 
L 322.855635 -405.064365 
L 333.7659 -415.06178 
L 345.50598 -424.070261 
L 357.986526 -432.021246 
L 371.112554 -438.854223 
L 384.784167 -444.517191 
L 398.897315 -448.967049 
L 413.34459 -452.169933 
L 428.016037 -454.101466 
L 442.8 -454.746947 
z
" style="stroke: #fcaf58"/>
    </defs>
    <g clip-path="url(#pb1bc1b2459)">
     <use xlink:href="#mcc5141b924" x="0" y="576" style="fill: #fcaf58; stroke: #fcaf58"/>
    </g>
   </g>
   <g id="PolyCollection_5">
    <defs>
     <path id="mf08a6e1b96" d="M 442.8 -455.525053 
L 442.8 -454.746947 
L 428.016037 -454.101466 
L 413.34459 -452.169933 
L 398.897315 -448.967049 
L 384.784167 -444.517191 
L 371.112554 -438.854223 
L 357.986526 -432.021246 
L 345.50598 -424.070261 
L 333.7659 -415.06178 
L 322.855635 -405.064365 
L 312.85822 -394.1541 
L 303.849739 -382.41402 
L 295.898754 -369.933474 
L 289.065777 -356.807446 
L 283.402809 -343.135833 
L 278.952951 -329.022685 
L 275.750067 -314.57541 
L 273.818534 -299.903963 
L 273.173053 -285.12 
L 273.818534 -270.336037 
L 275.750067 -255.66459 
L 278.952951 -241.217315 
L 283.402809 -227.104167 
L 289.065777 -213.432554 
L 295.898754 -200.306526 
L 392.93444 -256.330105 
L 395.633398 -252.09359 
L 398.691322 -248.108425 
L 402.08494 -244.40494 
L 405.788425 -241.011322 
L 409.77359 -237.953398 
L 414.010105 -235.25444 
L 418.465729 -232.934988 
L 423.106552 -231.012697 
L 427.897254 -229.502194 
L 432.801374 -228.414977 
L 437.781591 -227.759319 
L 442.8 -227.540211 
L 447.818409 -227.759319 
L 452.798626 -228.414977 
L 457.702746 -229.502194 
L 462.493448 -231.012697 
L 467.134271 -232.934988 
L 471.589895 -235.25444 
L 475.82641 -237.953398 
L 479.811575 -241.011322 
L 483.51506 -244.40494 
L 486.908678 -248.108425 
L 489.966602 -252.09359 
L 492.66556 -256.330105 
L 462.678838 -273.642947 
L 463.603484 -275.419176 
L 464.369803 -277.269234 
L 464.971963 -279.17904 
L 465.405381 -281.134061 
L 465.666758 -283.119418 
L 465.754105 -285.12 
L 465.666758 -287.120582 
L 465.405381 -289.105939 
L 464.971963 -291.06096 
L 464.369803 -292.970766 
L 463.603484 -294.820824 
L 462.678838 -296.597053 
L 461.602902 -298.285934 
L 460.383865 -299.874614 
L 459.031003 -301.351003 
L 457.554614 -302.703865 
L 455.965934 -303.922902 
L 454.277053 -304.998838 
L 452.500824 -305.923484 
L 450.650766 -306.689803 
L 448.74096 -307.291963 
L 446.785939 -307.725381 
L 444.800582 -307.986758 
L 442.8 -308.074105 
L 442.8 -308.074105 
L 442.8 -308.074105 
L 444.800582 -307.986758 
L 446.785939 -307.725381 
L 448.74096 -307.291963 
L 450.650766 -306.689803 
L 452.500824 -305.923484 
L 454.277053 -304.998838 
L 455.965934 -303.922902 
L 457.554614 -302.703865 
L 459.031003 -301.351003 
L 460.383865 -299.874614 
L 461.602902 -298.285934 
L 462.678838 -296.597053 
L 463.603484 -294.820824 
L 464.369803 -292.970766 
L 464.971963 -291.06096 
L 465.405381 -289.105939 
L 465.666758 -287.120582 
L 465.754105 -285.12 
L 465.666758 -283.119418 
L 465.405381 -281.134061 
L 464.971963 -279.17904 
L 464.369803 -277.269234 
L 463.603484 -275.419176 
L 462.678838 -273.642947 
L 492.66556 -256.330105 
L 489.966602 -252.09359 
L 486.908678 -248.108425 
L 483.51506 -244.40494 
L 479.811575 -241.011322 
L 475.82641 -237.953398 
L 471.589895 -235.25444 
L 467.134271 -232.934988 
L 462.493448 -231.012697 
L 457.702746 -229.502194 
L 452.798626 -228.414977 
L 447.818409 -227.759319 
L 442.8 -227.540211 
L 437.781591 -227.759319 
L 432.801374 -228.414977 
L 427.897254 -229.502194 
L 423.106552 -231.012697 
L 418.465729 -232.934988 
L 414.010105 -235.25444 
L 409.77359 -237.953398 
L 405.788425 -241.011322 
L 402.08494 -244.40494 
L 398.691322 -248.108425 
L 395.633398 -252.09359 
L 392.93444 -256.330105 
L 295.224895 -199.917474 
L 288.360574 -213.103713 
L 282.671629 -226.838039 
L 278.201359 -241.015927 
L 274.983783 -255.529473 
L 273.04339 -270.268221 
L 272.394947 -285.12 
L 273.04339 -299.971779 
L 274.983783 -314.710527 
L 278.201359 -329.224073 
L 282.671629 -343.401961 
L 288.360574 -357.136287 
L 295.224895 -370.322526 
L 303.212353 -382.860323 
L 312.262156 -394.654256 
L 322.305432 -405.614568 
L 333.265744 -415.657844 
L 345.059677 -424.707647 
L 357.597474 -432.695105 
L 370.783713 -439.559426 
L 384.518039 -445.248371 
L 398.695927 -449.718641 
L 413.209473 -452.936217 
L 427.948221 -454.87661 
L 442.8 -455.525053 
z
" style="stroke: #857bbe"/>
    </defs>
    <g clip-path="url(#pb1bc1b2459)">
     <use xlink:href="#mf08a6e1b96" x="0" y="576" style="fill: #857bbe; stroke: #857bbe"/>
    </g>
   </g>
   <g id="PolyCollection_6">
    <defs>
     <path id="me24640a422" d="M 442.8 -464.084211 
L 442.8 -455.525053 
L 427.948221 -454.87661 
L 413.209473 -452.936217 
L 398.695927 -449.718641 
L 384.518039 -445.248371 
L 370.783713 -439.559426 
L 357.597474 -432.695105 
L 345.059677 -424.707647 
L 333.265744 -415.657844 
L 322.305432 -405.614568 
L 312.262156 -394.654256 
L 303.212353 -382.860323 
L 295.224895 -370.322526 
L 288.360574 -357.136287 
L 282.671629 -343.401961 
L 278.201359 -329.224073 
L 274.983783 -314.710527 
L 273.04339 -299.971779 
L 272.394947 -285.12 
L 273.04339 -270.268221 
L 274.983783 -255.529473 
L 278.201359 -241.015927 
L 282.671629 -226.838039 
L 288.360574 -213.103713 
L 295.224895 -199.917474 
L 392.93444 -256.330105 
L 395.633398 -252.09359 
L 398.691322 -248.108425 
L 402.08494 -244.40494 
L 405.788425 -241.011322 
L 409.77359 -237.953398 
L 414.010105 -235.25444 
L 418.465729 -232.934988 
L 423.106552 -231.012697 
L 427.897254 -229.502194 
L 432.801374 -228.414977 
L 437.781591 -227.759319 
L 442.8 -227.540211 
L 447.818409 -227.759319 
L 452.798626 -228.414977 
L 457.702746 -229.502194 
L 462.493448 -231.012697 
L 467.134271 -232.934988 
L 471.589895 -235.25444 
L 475.82641 -237.953398 
L 479.811575 -241.011322 
L 483.51506 -244.40494 
L 486.908678 -248.108425 
L 489.966602 -252.09359 
L 492.66556 -256.330105 
L 462.678838 -273.642947 
L 463.603484 -275.419176 
L 464.369803 -277.269234 
L 464.971963 -279.17904 
L 465.405381 -281.134061 
L 465.666758 -283.119418 
L 465.754105 -285.12 
L 465.666758 -287.120582 
L 465.405381 -289.105939 
L 464.971963 -291.06096 
L 464.369803 -292.970766 
L 463.603484 -294.820824 
L 462.678838 -296.597053 
L 461.602902 -298.285934 
L 460.383865 -299.874614 
L 459.031003 -301.351003 
L 457.554614 -302.703865 
L 455.965934 -303.922902 
L 454.277053 -304.998838 
L 452.500824 -305.923484 
L 450.650766 -306.689803 
L 448.74096 -307.291963 
L 446.785939 -307.725381 
L 444.800582 -307.986758 
L 442.8 -308.074105 
L 442.8 -308.074105 
L 442.8 -308.074105 
L 444.800582 -307.986758 
L 446.785939 -307.725381 
L 448.74096 -307.291963 
L 450.650766 -306.689803 
L 452.500824 -305.923484 
L 454.277053 -304.998838 
L 455.965934 -303.922902 
L 457.554614 -302.703865 
L 459.031003 -301.351003 
L 460.383865 -299.874614 
L 461.602902 -298.285934 
L 462.678838 -296.597053 
L 463.603484 -294.820824 
L 464.369803 -292.970766 
L 464.971963 -291.06096 
L 465.405381 -289.105939 
L 465.666758 -287.120582 
L 465.754105 -285.12 
L 465.666758 -283.119418 
L 465.405381 -281.134061 
L 464.971963 -279.17904 
L 464.369803 -277.269234 
L 463.603484 -275.419176 
L 462.678838 -273.642947 
L 492.66556 -256.330105 
L 489.966602 -252.09359 
L 486.908678 -248.108425 
L 483.51506 -244.40494 
L 479.811575 -241.011322 
L 475.82641 -237.953398 
L 471.589895 -235.25444 
L 467.134271 -232.934988 
L 462.493448 -231.012697 
L 457.702746 -229.502194 
L 452.798626 -228.414977 
L 447.818409 -227.759319 
L 442.8 -227.540211 
L 437.781591 -227.759319 
L 432.801374 -228.414977 
L 427.897254 -229.502194 
L 423.106552 -231.012697 
L 418.465729 -232.934988 
L 414.010105 -235.25444 
L 409.77359 -237.953398 
L 405.788425 -241.011322 
L 402.08494 -244.40494 
L 398.691322 -248.108425 
L 395.633398 -252.09359 
L 392.93444 -256.330105 
L 287.812447 -195.637895 
L 280.603342 -209.486456 
L 274.628652 -223.910635 
L 269.933847 -238.800654 
L 266.554658 -254.043191 
L 264.516802 -269.522241 
L 263.835789 -285.12 
L 264.516802 -300.717759 
L 266.554658 -316.196809 
L 269.933847 -331.439346 
L 274.628652 -346.329365 
L 280.603342 -360.753544 
L 287.812447 -374.602105 
L 296.201101 -387.769654 
L 305.705461 -400.155977 
L 316.253193 -411.666807 
L 327.764023 -422.214539 
L 340.150346 -431.718899 
L 353.317895 -440.107553 
L 367.166456 -447.316658 
L 381.590635 -453.291348 
L 396.480654 -457.986153 
L 411.723191 -461.365342 
L 427.202241 -463.403198 
L 442.8 -464.084211 
z
" style="stroke: #d39cd3"/>
    </defs>
    <g clip-path="url(#pb1bc1b2459)">
     <use xlink:href="#me24640a422" x="0" y="576" style="fill: #d39cd3; stroke: #d39cd3"/>
    </g>
   </g>
   <g id="PolyCollection_7">
    <defs>
     <path id="m1aba7d0429" d="M 442.8 -464.084211 
L 442.8 -464.084211 
L 427.202241 -463.403198 
L 411.723191 -461.365342 
L 396.480654 -457.986153 
L 381.590635 -453.291348 
L 367.166456 -447.316658 
L 353.317895 -440.107553 
L 340.150346 -431.718899 
L 327.764023 -422.214539 
L 316.253193 -411.666807 
L 305.705461 -400.155977 
L 296.201101 -387.769654 
L 287.812447 -374.602105 
L 280.603342 -360.753544 
L 274.628652 -346.329365 
L 269.933847 -331.439346 
L 266.554658 -316.196809 
L 264.516802 -300.717759 
L 263.835789 -285.12 
L 264.516802 -269.522241 
L 266.554658 -254.043191 
L 269.933847 -238.800654 
L 274.628652 -223.910635 
L 280.603342 -209.486456 
L 287.812447 -195.637895 
L 392.93444 -256.330105 
L 395.633398 -252.09359 
L 398.691322 -248.108425 
L 402.08494 -244.40494 
L 405.788425 -241.011322 
L 409.77359 -237.953398 
L 414.010105 -235.25444 
L 418.465729 -232.934988 
L 423.106552 -231.012697 
L 427.897254 -229.502194 
L 432.801374 -228.414977 
L 437.781591 -227.759319 
L 442.8 -227.540211 
L 447.818409 -227.759319 
L 452.798626 -228.414977 
L 457.702746 -229.502194 
L 462.493448 -231.012697 
L 467.134271 -232.934988 
L 471.589895 -235.25444 
L 475.82641 -237.953398 
L 479.811575 -241.011322 
L 483.51506 -244.40494 
L 486.908678 -248.108425 
L 489.966602 -252.09359 
L 492.66556 -256.330105 
L 462.678838 -273.642947 
L 463.603484 -275.419176 
L 464.369803 -277.269234 
L 464.971963 -279.17904 
L 465.405381 -281.134061 
L 465.666758 -283.119418 
L 465.754105 -285.12 
L 465.666758 -287.120582 
L 465.405381 -289.105939 
L 464.971963 -291.06096 
L 464.369803 -292.970766 
L 463.603484 -294.820824 
L 462.678838 -296.597053 
L 461.602902 -298.285934 
L 460.383865 -299.874614 
L 459.031003 -301.351003 
L 457.554614 -302.703865 
L 455.965934 -303.922902 
L 454.277053 -304.998838 
L 452.500824 -305.923484 
L 450.650766 -306.689803 
L 448.74096 -307.291963 
L 446.785939 -307.725381 
L 444.800582 -307.986758 
L 442.8 -308.074105 
L 442.8 -308.074105 
L 442.8 -308.074105 
L 444.800582 -307.986758 
L 446.785939 -307.725381 
L 448.74096 -307.291963 
L 450.650766 -306.689803 
L 452.500824 -305.923484 
L 454.277053 -304.998838 
L 455.965934 -303.922902 
L 457.554614 -302.703865 
L 459.031003 -301.351003 
L 460.383865 -299.874614 
L 461.602902 -298.285934 
L 462.678838 -296.597053 
L 463.603484 -294.820824 
L 464.369803 -292.970766 
L 464.971963 -291.06096 
L 465.405381 -289.105939 
L 465.666758 -287.120582 
L 465.754105 -285.12 
L 465.666758 -283.119418 
L 465.405381 -281.134061 
L 464.971963 -279.17904 
L 464.369803 -277.269234 
L 463.603484 -275.419176 
L 462.678838 -273.642947 
L 492.66556 -256.330105 
L 489.966602 -252.09359 
L 486.908678 -248.108425 
L 483.51506 -244.40494 
L 479.811575 -241.011322 
L 475.82641 -237.953398 
L 471.589895 -235.25444 
L 467.134271 -232.934988 
L 462.493448 -231.012697 
L 457.702746 -229.502194 
L 452.798626 -228.414977 
L 447.818409 -227.759319 
L 442.8 -227.540211 
L 437.781591 -227.759319 
L 432.801374 -228.414977 
L 427.897254 -229.502194 
L 423.106552 -231.012697 
L 418.465729 -232.934988 
L 414.010105 -235.25444 
L 409.77359 -237.953398 
L 405.788425 -241.011322 
L 402.08494 -244.40494 
L 398.691322 -248.108425 
L 395.633398 -252.09359 
L 392.93444 -256.330105 
L 287.812447 -195.637895 
L 280.603342 -209.486456 
L 274.628652 -223.910635 
L 269.933847 -238.800654 
L 266.554658 -254.043191 
L 264.516802 -269.522241 
L 263.835789 -285.12 
L 264.516802 -300.717759 
L 266.554658 -316.196809 
L 269.933847 -331.439346 
L 274.628652 -346.329365 
L 280.603342 -360.753544 
L 287.812447 -374.602105 
L 296.201101 -387.769654 
L 305.705461 -400.155977 
L 316.253193 -411.666807 
L 327.764023 -422.214539 
L 340.150346 -431.718899 
L 353.317895 -440.107553 
L 367.166456 -447.316658 
L 381.590635 -453.291348 
L 396.480654 -457.986153 
L 411.723191 -461.365342 
L 427.202241 -463.403198 
L 442.8 -464.084211 
z
" style="stroke: #c1ceeb"/>
    </defs>
    <g clip-path="url(#pb1bc1b2459)">
     <use xlink:href="#m1aba7d0429" x="0" y="576" style="fill: #c1ceeb; stroke: #c1ceeb"/>
    </g>
   </g>
   <g id="PolyCollection_8">
    <defs>
     <path id="m099c58dd79" d="M 442.8 -506.88 
L 442.8 -464.084211 
L 427.202241 -463.403198 
L 411.723191 -461.365342 
L 396.480654 -457.986153 
L 381.590635 -453.291348 
L 367.166456 -447.316658 
L 353.317895 -440.107553 
L 340.150346 -431.718899 
L 327.764023 -422.214539 
L 316.253193 -411.666807 
L 305.705461 -400.155977 
L 296.201101 -387.769654 
L 287.812447 -374.602105 
L 280.603342 -360.753544 
L 274.628652 -346.329365 
L 269.933847 -331.439346 
L 266.554658 -316.196809 
L 264.516802 -300.717759 
L 263.835789 -285.12 
L 264.516802 -269.522241 
L 266.554658 -254.043191 
L 269.933847 -238.800654 
L 274.628652 -223.910635 
L 280.603342 -209.486456 
L 287.812447 -195.637895 
L 392.93444 -256.330105 
L 395.633398 -252.09359 
L 398.691322 -248.108425 
L 402.08494 -244.40494 
L 405.788425 -241.011322 
L 409.77359 -237.953398 
L 414.010105 -235.25444 
L 418.465729 -232.934988 
L 423.106552 -231.012697 
L 427.897254 -229.502194 
L 432.801374 -228.414977 
L 437.781591 -227.759319 
L 442.8 -227.540211 
L 447.818409 -227.759319 
L 452.798626 -228.414977 
L 457.702746 -229.502194 
L 462.493448 -231.012697 
L 467.134271 -232.934988 
L 471.589895 -235.25444 
L 475.82641 -237.953398 
L 479.811575 -241.011322 
L 483.51506 -244.40494 
L 486.908678 -248.108425 
L 489.966602 -252.09359 
L 492.66556 -256.330105 
L 462.678838 -273.642947 
L 463.603484 -275.419176 
L 464.369803 -277.269234 
L 464.971963 -279.17904 
L 465.405381 -281.134061 
L 465.666758 -283.119418 
L 465.754105 -285.12 
L 465.666758 -287.120582 
L 465.405381 -289.105939 
L 464.971963 -291.06096 
L 464.369803 -292.970766 
L 463.603484 -294.820824 
L 462.678838 -296.597053 
L 461.602902 -298.285934 
L 460.383865 -299.874614 
L 459.031003 -301.351003 
L 457.554614 -302.703865 
L 455.965934 -303.922902 
L 454.277053 -304.998838 
L 452.500824 -305.923484 
L 450.650766 -306.689803 
L 448.74096 -307.291963 
L 446.785939 -307.725381 
L 444.800582 -307.986758 
L 442.8 -308.074105 
L 442.8 -308.074105 
L 442.8 -308.074105 
L 444.800582 -307.986758 
L 446.785939 -307.725381 
L 448.74096 -307.291963 
L 450.650766 -306.689803 
L 452.500824 -305.923484 
L 454.277053 -304.998838 
L 455.965934 -303.922902 
L 457.554614 -302.703865 
L 459.031003 -301.351003 
L 460.383865 -299.874614 
L 461.602902 -298.285934 
L 462.678838 -296.597053 
L 463.603484 -294.820824 
L 464.369803 -292.970766 
L 464.971963 -291.06096 
L 465.405381 -289.105939 
L 465.666758 -287.120582 
L 465.754105 -285.12 
L 465.666758 -283.119418 
L 465.405381 -281.134061 
L 464.971963 -279.17904 
L 464.369803 -277.269234 
L 463.603484 -275.419176 
L 462.678838 -273.642947 
L 492.66556 -256.330105 
L 489.966602 -252.09359 
L 486.908678 -248.108425 
L 483.51506 -244.40494 
L 479.811575 -241.011322 
L 475.82641 -237.953398 
L 471.589895 -235.25444 
L 467.134271 -232.934988 
L 462.493448 -231.012697 
L 457.702746 -229.502194 
L 452.798626 -228.414977 
L 447.818409 -227.759319 
L 442.8 -227.540211 
L 437.781591 -227.759319 
L 432.801374 -228.414977 
L 427.897254 -229.502194 
L 423.106552 -231.012697 
L 418.465729 -232.934988 
L 414.010105 -235.25444 
L 409.77359 -237.953398 
L 405.788425 -241.011322 
L 402.08494 -244.40494 
L 398.691322 -248.108425 
L 395.633398 -252.09359 
L 392.93444 -256.330105 
L 250.750206 -174.24 
L 241.817185 -191.400174 
L 234.413764 -209.273613 
L 228.596289 -227.724289 
L 224.409033 -246.61178 
L 221.883864 -265.792342 
L 221.04 -285.12 
L 221.883864 -304.447658 
L 224.409033 -323.62822 
L 228.596289 -342.515711 
L 234.413764 -360.966387 
L 241.817185 -378.839826 
L 250.750206 -396 
L 261.144843 -412.316311 
L 272.921984 -427.66458 
L 285.992 -441.928 
L 300.25542 -454.998016 
L 315.603689 -466.775157 
L 331.92 -477.169794 
L 349.080174 -486.102815 
L 366.953613 -493.506236 
L 385.404289 -499.323711 
L 404.29178 -503.510967 
L 423.472342 -506.036136 
L 442.8 -506.88 
z
" style="stroke: #fce4c5"/>
    </defs>
    <g clip-path="url(#pb1bc1b2459)">
     <use xlink:href="#m099c58dd79" x="0" y="576" style="fill: #fce4c5; stroke: #fce4c5"/>
    </g>
   </g>
   <g id="matplotlib.axis_1">
    <g id="xtick_1">
     <g id="line2d_1">
      <path d="M 442.8 290.88 
L 442.8 69.12 
" clip-path="url(#pb1bc1b2459)" style="fill: none; stroke: #b0b0b0; stroke-width: 0.8; stroke-linecap: square"/>
     </g>
    </g>
    <g id="xtick_2">
     <g id="line2d_2">
      <path d="M 442.8 290.88 
L 250.750206 401.76 
" clip-path="url(#pb1bc1b2459)" style="fill: none; stroke: #b0b0b0; stroke-width: 0.8; stroke-linecap: square"/>
     </g>
    </g>
    <g id="xtick_3">
     <g id="line2d_3">
      <path d="M 442.8 290.88 
L 634.849794 401.76 
" clip-path="url(#pb1bc1b2459)" style="fill: none; stroke: #b0b0b0; stroke-width: 0.8; stroke-linecap: square"/>
     </g>
    </g>
   </g>
   <g id="matplotlib.axis_2"/>
   <g id="patch_3">
    <path d="M 442.8 69.12 
C 413.678744 69.12 384.840655 74.856253 357.936122 86.000475 
C 331.031589 97.144697 306.583838 113.480162 285.992 134.072 
C 265.400162 154.663838 249.064697 179.111589 237.920475 206.016122 
C 226.776253 232.920655 221.04 261.758744 221.04 290.88 
C 221.04 320.001256 226.776253 348.839345 237.920475 375.743878 
C 249.064697 402.648411 265.400162 427.096162 285.992 447.688 
C 306.583838 468.279838 331.031589 484.615303 357.936122 495.759525 
C 384.840655 506.903747 413.678744 512.64 442.8 512.64 
C 471.921256 512.64 500.759345 506.903747 527.663878 495.759525 
C 554.568411 484.615303 579.016162 468.279838 599.608 447.688 
C 620.199838 427.096162 636.535303 402.648411 647.679525 375.743878 
C 658.823747 348.839345 664.56 320.001256 664.56 290.88 
C 664.56 261.758744 658.823747 232.920655 647.679525 206.016122 
C 636.535303 179.111589 620.199838 154.663838 599.608 134.072 
C 579.016162 113.480162 554.568411 97.144697 527.663878 86.000475 
C 500.759345 74.856253 471.921256 69.12 442.8 69.12 
" style="fill: none; stroke: #000000; stroke-width: 0.8; stroke-linejoin: miter; stroke-linecap: square"/>
   </g>
  </g>
 </g>
 <defs>
  <clipPath id="pb1bc1b2459">
   <path d="M 664.56 290.88 
C 664.56 261.758744 658.823747 232.920655 647.679525 206.016122 
C 636.535303 179.111589 620.199838 154.663838 599.608 134.072 
C 579.016162 113.480162 554.568411 97.144697 527.663878 86.000475 
C 500.759345 74.856253 471.921256 69.12 442.8 69.12 
C 413.678744 69.12 384.840655 74.856253 357.936122 86.000475 
C 331.031589 97.144697 306.583838 113.480162 285.992 134.072 
C 265.400162 154.663838 249.064697 179.111589 237.920475 206.016122 
C 226.776253 232.920655 221.04 261.758744 221.04 290.88 
C 221.04 320.001256 226.776253 348.839345 237.920475 375.743878 
C 249.064697 402.648411 265.400162 427.096162 285.992 447.688 
C 306.583838 468.279838 331.031589 484.615303 357.936122 495.759525 
C 384.840655 506.903747 413.678744 512.64 442.8 512.64 
C 471.921256 512.64 500.759345 506.903747 527.663878 495.759525 
C 554.568411 484.615303 579.016162 468.279838 599.608 447.688 
C 620.199838 427.096162 636.535303 402.648411 647.679525 375.743878 
C 658.823747 348.839345 664.56 320.001256 664.56 290.88 
M 442.8 290.88 
C 442.8 290.88 442.8 290.88 442.8 290.88 
C 442.8 290.88 442.8 290.88 442.8 290.88 
C 442.8 290.88 442.8 290.88 442.8 290.88 
C 442.8 290.88 442.8 290.88 442.8 290.88 
C 442.8 290.88 442.8 290.88 442.8 290.88 
C 442.8 290.88 442.8 290.88 442.8 290.88 
C 442.8 290.88 442.8 290.88 442.8 290.88 
C 442.8 290.88 442.8 290.88 442.8 290.88 
C 442.8 290.88 442.8 290.88 442.8 290.88 
C 442.8 290.88 442.8 290.88 442.8 290.88 
C 442.8 290.88 442.8 290.88 442.8 290.88 
C 442.8 290.88 442.8 290.88 442.8 290.88 
C 442.8 290.88 442.8 290.88 442.8 290.88 
C 442.8 290.88 442.8 290.88 442.8 290.88 
C 442.8 290.88 442.8 290.88 442.8 290.88 
C 442.8 290.88 442.8 290.88 442.8 290.88 
z
"/>
  </clipPath>
 </defs>
</svg>
