<?xml version="1.0" encoding="utf-8" standalone="no"?>
<!DOCTYPE svg PUBLIC "-//W3C//DTD SVG 1.1//EN"
  "http://www.w3.org/Graphics/SVG/1.1/DTD/svg11.dtd">
<!-- Created with matplotlib (https://matplotlib.org/) -->
<svg height="576pt" version="1.1" viewBox="0 0 864 576" width="864pt" xmlns="http://www.w3.org/2000/svg" xmlns:xlink="http://www.w3.org/1999/xlink">
 <metadata>
  <rdf:RDF xmlns:cc="http://creativecommons.org/ns#" xmlns:dc="http://purl.org/dc/elements/1.1/" xmlns:rdf="http://www.w3.org/1999/02/22-rdf-syntax-ns#">
   <cc:Work>
    <dc:type rdf:resource="http://purl.org/dc/dcmitype/StillImage"/>
    <dc:date>2023-07-18T22:00:54.275482</dc:date>
    <dc:format>image/svg+xml</dc:format>
    <dc:creator>
     <cc:Agent>
      <dc:title>Matplotlib v3.3.4, https://matplotlib.org/</dc:title>
     </cc:Agent>
    </dc:creator>
   </cc:Work>
  </rdf:RDF>
 </metadata>
 <defs>
  <style type="text/css">*{stroke-linecap:butt;stroke-linejoin:round;}</style>
 </defs>
 <g id="figure_1">
  <g id="patch_1">
   <path d="M 0 576 
L 864 576 
L 864 0 
L 0 0 
z
" style="fill:none;"/>
  </g>
  <g id="axes_1">
   <g id="patch_2">
    <path d="M 660.24 286.56 
C 660.24 258.006041 654.615493 229.729733 643.688366 203.349314 
C 632.761238 176.968896 616.743997 152.9974 596.553299 132.806701 
C 576.3626 112.616003 552.391104 96.598762 526.010686 85.671634 
C 499.630267 74.744507 471.353959 69.12 442.8 69.12 
C 414.246041 69.12 385.969733 74.744507 359.589314 85.671634 
C 333.208896 96.598762 309.2374 112.616003 289.046701 132.806701 
C 268.856003 152.9974 252.838762 176.968896 241.911634 203.349314 
C 230.984507 229.729733 225.36 258.006041 225.36 286.56 
C 225.36 315.113959 230.984507 343.390267 241.911634 369.770686 
C 252.838762 396.151104 268.856003 420.1226 289.046701 440.313299 
C 309.2374 460.503997 333.208896 476.521238 359.589314 487.448366 
C 385.969733 498.375493 414.246041 504 442.8 504 
C 471.353959 504 499.630267 498.375493 526.010686 487.448366 
C 552.391104 476.521238 576.3626 460.503997 596.553299 440.313299 
C 616.743997 420.1226 632.761238 396.151104 643.688366 369.770686 
C 654.615493 343.390267 660.24 315.113959 660.24 286.56 
M 442.8 286.56 
C 442.8 286.56 442.8 286.56 442.8 286.56 
C 442.8 286.56 442.8 286.56 442.8 286.56 
C 442.8 286.56 442.8 286.56 442.8 286.56 
C 442.8 286.56 442.8 286.56 442.8 286.56 
C 442.8 286.56 442.8 286.56 442.8 286.56 
C 442.8 286.56 442.8 286.56 442.8 286.56 
C 442.8 286.56 442.8 286.56 442.8 286.56 
C 442.8 286.56 442.8 286.56 442.8 286.56 
C 442.8 286.56 442.8 286.56 442.8 286.56 
C 442.8 286.56 442.8 286.56 442.8 286.56 
C 442.8 286.56 442.8 286.56 442.8 286.56 
C 442.8 286.56 442.8 286.56 442.8 286.56 
C 442.8 286.56 442.8 286.56 442.8 286.56 
C 442.8 286.56 442.8 286.56 442.8 286.56 
C 442.8 286.56 442.8 286.56 442.8 286.56 
C 442.8 286.56 442.8 286.56 442.8 286.56 
M 660.24 286.56 
z
" style="fill:#ffffff;"/>
   </g>
   <g id="PolyCollection_1">
    <defs>
     <path d="M 442.8 -316.143158 
L 442.8 -289.44 
L 442.8 -289.44 
L 442.8 -289.44 
L 442.8 -289.44 
L 442.8 -289.44 
L 442.8 -289.44 
L 442.8 -289.44 
L 442.8 -289.44 
L 442.8 -289.44 
L 442.8 -289.44 
L 442.8 -289.44 
L 442.8 -289.44 
L 442.8 -289.44 
L 442.8 -289.44 
L 442.8 -289.44 
L 442.8 -289.44 
L 442.8 -289.44 
L 442.8 -289.44 
L 442.8 -289.44 
L 442.8 -289.44 
L 442.8 -289.44 
L 442.8 -289.44 
L 442.8 -289.44 
L 442.8 -289.44 
L 442.8 -289.44 
L 442.8 -289.44 
L 442.8 -289.44 
L 442.8 -289.44 
L 442.8 -289.44 
L 442.8 -289.44 
L 442.8 -289.44 
L 442.8 -289.44 
L 442.8 -289.44 
L 442.8 -289.44 
L 442.8 -289.44 
L 442.8 -289.44 
L 442.8 -289.44 
L 442.8 -289.44 
L 442.8 -289.44 
L 442.8 -289.44 
L 442.8 -289.44 
L 442.8 -289.44 
L 442.8 -289.44 
L 442.8 -289.44 
L 442.8 -289.44 
L 442.8 -289.44 
L 442.8 -289.44 
L 442.8 -289.44 
L 442.8 -289.44 
L 442.8 -289.44 
L 442.8 -289.44 
L 442.8 -289.44 
L 442.8 -289.44 
L 442.8 -289.44 
L 442.8 -289.44 
L 442.8 -289.44 
L 442.8 -289.44 
L 442.8 -289.44 
L 442.8 -289.44 
L 442.8 -289.44 
L 442.8 -289.44 
L 442.8 -289.44 
L 442.8 -289.44 
L 442.8 -289.44 
L 442.8 -289.44 
L 442.8 -289.44 
L 442.8 -289.44 
L 442.8 -289.44 
L 442.8 -289.44 
L 442.8 -289.44 
L 442.8 -289.44 
L 442.8 -289.44 
L 442.8 -289.44 
L 442.8 -289.44 
L 442.8 -289.44 
L 442.8 -289.44 
L 442.8 -289.44 
L 442.8 -289.44 
L 442.8 -289.44 
L 442.8 -289.44 
L 442.8 -289.44 
L 442.8 -289.44 
L 442.8 -289.44 
L 442.8 -289.44 
L 442.8 -289.44 
L 442.8 -289.44 
L 442.8 -289.44 
L 442.8 -289.44 
L 442.8 -289.44 
L 442.8 -289.44 
L 442.8 -289.44 
L 442.8 -289.44 
L 442.8 -289.44 
L 442.8 -289.44 
L 442.8 -289.44 
L 442.8 -289.44 
L 442.8 -289.44 
L 442.8 -289.44 
L 442.8 -289.44 
L 442.8 -289.44 
L 442.8 -289.44 
L 457.996831 -280.666105 
L 457.174308 -279.375001 
L 456.242387 -278.160498 
L 455.208161 -277.031839 
L 454.079502 -275.997613 
L 452.864999 -275.065692 
L 451.573895 -274.243169 
L 450.216016 -273.536302 
L 448.801697 -272.950472 
L 447.341702 -272.490137 
L 445.847142 -272.158801 
L 444.329391 -271.958985 
L 442.8 -271.892211 
L 441.270609 -271.958985 
L 439.752858 -272.158801 
L 438.258298 -272.490137 
L 436.798303 -272.950472 
L 435.383984 -273.536302 
L 434.026105 -274.243169 
L 432.735001 -275.065692 
L 431.520498 -275.997613 
L 430.391839 -277.031839 
L 429.357613 -278.160498 
L 428.425692 -279.375001 
L 427.603169 -280.666105 
L 419.674387 -276.088421 
L 418.59872 -278.154758 
L 417.70724 -280.306982 
L 417.00673 -282.528714 
L 416.502523 -284.803045 
L 416.198456 -287.112666 
L 416.096842 -289.44 
L 416.198456 -291.767334 
L 416.502523 -294.076955 
L 417.00673 -296.351286 
L 417.70724 -298.573018 
L 418.59872 -300.725242 
L 419.674387 -302.791579 
L 420.926054 -304.756302 
L 422.344194 -306.604459 
L 423.918016 -308.321984 
L 425.635541 -309.895806 
L 427.483698 -311.313946 
L 429.448421 -312.565613 
L 431.514758 -313.64128 
L 433.666982 -314.53276 
L 435.888714 -315.23327 
L 438.163045 -315.737477 
L 440.472666 -316.041544 
L 442.8 -316.143158 
z
" id="m6ada49c86f" style="stroke:#3e0081;"/>
    </defs>
    <g clip-path="url(#pb14d8a1909)">
     <use style="fill:#3e0081;stroke:#3e0081;" x="0" xlink:href="#m6ada49c86f" y="576"/>
    </g>
   </g>
   <g id="PolyCollection_2">
    <defs>
     <path d="M 442.8 -426.770526 
L 442.8 -316.143158 
L 440.472666 -316.041544 
L 438.163045 -315.737477 
L 435.888714 -315.23327 
L 433.666982 -314.53276 
L 431.514758 -313.64128 
L 429.448421 -312.565613 
L 427.483698 -311.313946 
L 425.635541 -309.895806 
L 423.918016 -308.321984 
L 422.344194 -306.604459 
L 420.926054 -304.756302 
L 419.674387 -302.791579 
L 418.59872 -300.725242 
L 417.70724 -298.573018 
L 417.00673 -296.351286 
L 416.502523 -294.076955 
L 416.198456 -291.767334 
L 416.096842 -289.44 
L 416.198456 -287.112666 
L 416.502523 -284.803045 
L 417.00673 -282.528714 
L 417.70724 -280.306982 
L 418.59872 -278.154758 
L 419.674387 -276.088421 
L 427.603169 -280.666105 
L 428.425692 -279.375001 
L 429.357613 -278.160498 
L 430.391839 -277.031839 
L 431.520498 -275.997613 
L 432.735001 -275.065692 
L 434.026105 -274.243169 
L 435.383984 -273.536302 
L 436.798303 -272.950472 
L 438.258298 -272.490137 
L 439.752858 -272.158801 
L 441.270609 -271.958985 
L 442.8 -271.892211 
L 444.329391 -271.958985 
L 445.847142 -272.158801 
L 447.341702 -272.490137 
L 448.801697 -272.950472 
L 450.216016 -273.536302 
L 451.573895 -274.243169 
L 452.864999 -275.065692 
L 454.079502 -275.997613 
L 455.208161 -277.031839 
L 456.242387 -278.160498 
L 457.174308 -279.375001 
L 457.996831 -280.666105 
L 442.8 -289.44 
L 442.8 -289.44 
L 442.8 -289.44 
L 442.8 -289.44 
L 442.8 -289.44 
L 442.8 -289.44 
L 442.8 -289.44 
L 442.8 -289.44 
L 442.8 -289.44 
L 442.8 -289.44 
L 442.8 -289.44 
L 442.8 -289.44 
L 442.8 -289.44 
L 442.8 -289.44 
L 442.8 -289.44 
L 442.8 -289.44 
L 442.8 -289.44 
L 442.8 -289.44 
L 442.8 -289.44 
L 442.8 -289.44 
L 442.8 -289.44 
L 442.8 -289.44 
L 442.8 -289.44 
L 442.8 -289.44 
L 442.8 -289.44 
L 442.8 -293.636211 
L 442.8 -293.636211 
L 443.165724 -293.620243 
L 443.528664 -293.572461 
L 443.886059 -293.493228 
L 444.235189 -293.383148 
L 444.573395 -293.243058 
L 444.898105 -293.074025 
L 445.206847 -292.877334 
L 445.497272 -292.654484 
L 445.767169 -292.407169 
L 446.014484 -292.137272 
L 446.237334 -291.846847 
L 446.434025 -291.538105 
L 446.603058 -291.213395 
L 446.743148 -290.875189 
L 446.853228 -290.526059 
L 446.932461 -290.168664 
L 446.980243 -289.805724 
L 446.996211 -289.44 
L 446.980243 -289.074276 
L 446.932461 -288.711336 
L 446.853228 -288.353941 
L 446.743148 -288.004811 
L 446.603058 -287.666605 
L 446.434025 -287.341895 
L 472.532931 -272.273684 
L 470.923645 -269.747612 
L 469.100322 -267.37141 
L 467.076837 -265.163163 
L 464.86859 -263.139678 
L 462.492388 -261.316355 
L 459.966316 -259.707069 
L 457.309597 -258.324069 
L 454.542452 -257.177879 
L 451.685939 -256.277224 
L 448.761799 -255.628958 
L 445.792286 -255.238014 
L 442.8 -255.107368 
L 439.807714 -255.238014 
L 436.838201 -255.628958 
L 433.914061 -256.277224 
L 431.057548 -257.177879 
L 428.290403 -258.324069 
L 425.633684 -259.707069 
L 423.107612 -261.316355 
L 420.73141 -263.139678 
L 418.523163 -265.163163 
L 416.499678 -267.37141 
L 414.676355 -269.747612 
L 413.067069 -272.273684 
L 323.868275 -220.774737 
L 318.336275 -231.401612 
L 313.751518 -242.470194 
L 310.148898 -253.896244 
L 307.555833 -265.592804 
L 305.992058 -277.470856 
L 305.469474 -289.44 
L 305.992058 -301.409144 
L 307.555833 -313.287196 
L 310.148898 -324.983756 
L 313.751518 -336.409806 
L 318.336275 -347.478388 
L 323.868275 -358.105263 
L 330.305419 -368.209554 
L 337.598713 -377.714361 
L 345.692654 -386.547346 
L 354.525639 -394.641287 
L 364.030446 -401.934581 
L 374.134737 -408.371725 
L 384.761612 -413.903725 
L 395.830194 -418.488482 
L 407.256244 -422.091102 
L 418.952804 -424.684167 
L 430.830856 -426.247942 
L 442.8 -426.770526 
z
" id="mf3de5273ca" style="stroke:#a447a5;"/>
    </defs>
    <g clip-path="url(#pb14d8a1909)">
     <use style="fill:#a447a5;stroke:#a447a5;" x="0" xlink:href="#mf3de5273ca" y="576"/>
    </g>
   </g>
   <g id="PolyCollection_3">
    <defs>
     <path d="M 442.8 -426.770526 
L 442.8 -426.770526 
L 430.830856 -426.247942 
L 418.952804 -424.684167 
L 407.256244 -422.091102 
L 395.830194 -418.488482 
L 384.761612 -413.903725 
L 374.134737 -408.371725 
L 364.030446 -401.934581 
L 354.525639 -394.641287 
L 345.692654 -386.547346 
L 337.598713 -377.714361 
L 330.305419 -368.209554 
L 323.868275 -358.105263 
L 318.336275 -347.478388 
L 313.751518 -336.409806 
L 310.148898 -324.983756 
L 307.555833 -313.287196 
L 305.992058 -301.409144 
L 305.469474 -289.44 
L 305.992058 -277.470856 
L 307.555833 -265.592804 
L 310.148898 -253.896244 
L 313.751518 -242.470194 
L 318.336275 -231.401612 
L 323.868275 -220.774737 
L 413.067069 -272.273684 
L 414.676355 -269.747612 
L 416.499678 -267.37141 
L 418.523163 -265.163163 
L 420.73141 -263.139678 
L 423.107612 -261.316355 
L 425.633684 -259.707069 
L 428.290403 -258.324069 
L 431.057548 -257.177879 
L 433.914061 -256.277224 
L 436.838201 -255.628958 
L 439.807714 -255.238014 
L 442.8 -255.107368 
L 445.792286 -255.238014 
L 448.761799 -255.628958 
L 451.685939 -256.277224 
L 454.542452 -257.177879 
L 457.309597 -258.324069 
L 459.966316 -259.707069 
L 462.492388 -261.316355 
L 464.86859 -263.139678 
L 467.076837 -265.163163 
L 469.100322 -267.37141 
L 470.923645 -269.747612 
L 472.532931 -272.273684 
L 446.434025 -287.341895 
L 446.603058 -287.666605 
L 446.743148 -288.004811 
L 446.853228 -288.353941 
L 446.932461 -288.711336 
L 446.980243 -289.074276 
L 446.996211 -289.44 
L 446.980243 -289.805724 
L 446.932461 -290.168664 
L 446.853228 -290.526059 
L 446.743148 -290.875189 
L 446.603058 -291.213395 
L 446.434025 -291.538105 
L 446.237334 -291.846847 
L 446.014484 -292.137272 
L 445.767169 -292.407169 
L 445.497272 -292.654484 
L 445.206847 -292.877334 
L 444.898105 -293.074025 
L 444.573395 -293.243058 
L 444.235189 -293.383148 
L 443.886059 -293.493228 
L 443.528664 -293.572461 
L 443.165724 -293.620243 
L 442.8 -293.636211 
L 442.8 -293.636211 
L 442.8 -293.636211 
L 443.165724 -293.620243 
L 443.528664 -293.572461 
L 443.886059 -293.493228 
L 444.235189 -293.383148 
L 444.573395 -293.243058 
L 444.898105 -293.074025 
L 445.206847 -292.877334 
L 445.497272 -292.654484 
L 445.767169 -292.407169 
L 446.014484 -292.137272 
L 446.237334 -291.846847 
L 446.434025 -291.538105 
L 446.603058 -291.213395 
L 446.743148 -290.875189 
L 446.853228 -290.526059 
L 446.932461 -290.168664 
L 446.980243 -289.805724 
L 446.996211 -289.44 
L 446.980243 -289.074276 
L 446.932461 -288.711336 
L 446.853228 -288.353941 
L 446.743148 -288.004811 
L 446.603058 -287.666605 
L 446.434025 -287.341895 
L 472.532931 -272.273684 
L 470.923645 -269.747612 
L 469.100322 -267.37141 
L 467.076837 -265.163163 
L 464.86859 -263.139678 
L 462.492388 -261.316355 
L 459.966316 -259.707069 
L 457.309597 -258.324069 
L 454.542452 -257.177879 
L 451.685939 -256.277224 
L 448.761799 -255.628958 
L 445.792286 -255.238014 
L 442.8 -255.107368 
L 439.807714 -255.238014 
L 436.838201 -255.628958 
L 433.914061 -256.277224 
L 431.057548 -257.177879 
L 428.290403 -258.324069 
L 425.633684 -259.707069 
L 423.107612 -261.316355 
L 420.73141 -263.139678 
L 418.523163 -265.163163 
L 416.499678 -267.37141 
L 414.676355 -269.747612 
L 413.067069 -272.273684 
L 323.868275 -220.774737 
L 318.336275 -231.401612 
L 313.751518 -242.470194 
L 310.148898 -253.896244 
L 307.555833 -265.592804 
L 305.992058 -277.470856 
L 305.469474 -289.44 
L 305.992058 -301.409144 
L 307.555833 -313.287196 
L 310.148898 -324.983756 
L 313.751518 -336.409806 
L 318.336275 -347.478388 
L 323.868275 -358.105263 
L 330.305419 -368.209554 
L 337.598713 -377.714361 
L 345.692654 -386.547346 
L 354.525639 -394.641287 
L 364.030446 -401.934581 
L 374.134737 -408.371725 
L 384.761612 -413.903725 
L 395.830194 -418.488482 
L 407.256244 -422.091102 
L 418.952804 -424.684167 
L 430.830856 -426.247942 
L 442.8 -426.770526 
z
" id="m14f8ab071a" style="stroke:#6586cd;"/>
    </defs>
    <g clip-path="url(#pb14d8a1909)">
     <use style="fill:#6586cd;stroke:#6586cd;" x="0" xlink:href="#m14f8ab071a" y="576"/>
    </g>
   </g>
   <g id="PolyCollection_4">
    <defs>
     <path d="M 442.8 -455.762526 
L 442.8 -426.770526 
L 430.830856 -426.247942 
L 418.952804 -424.684167 
L 407.256244 -422.091102 
L 395.830194 -418.488482 
L 384.761612 -413.903725 
L 374.134737 -408.371725 
L 364.030446 -401.934581 
L 354.525639 -394.641287 
L 345.692654 -386.547346 
L 337.598713 -377.714361 
L 330.305419 -368.209554 
L 323.868275 -358.105263 
L 318.336275 -347.478388 
L 313.751518 -336.409806 
L 310.148898 -324.983756 
L 307.555833 -313.287196 
L 305.992058 -301.409144 
L 305.469474 -289.44 
L 305.992058 -277.470856 
L 307.555833 -265.592804 
L 310.148898 -253.896244 
L 313.751518 -242.470194 
L 318.336275 -231.401612 
L 323.868275 -220.774737 
L 413.067069 -272.273684 
L 414.676355 -269.747612 
L 416.499678 -267.37141 
L 418.523163 -265.163163 
L 420.73141 -263.139678 
L 423.107612 -261.316355 
L 425.633684 -259.707069 
L 428.290403 -258.324069 
L 431.057548 -257.177879 
L 433.914061 -256.277224 
L 436.838201 -255.628958 
L 439.807714 -255.238014 
L 442.8 -255.107368 
L 445.792286 -255.238014 
L 448.761799 -255.628958 
L 451.685939 -256.277224 
L 454.542452 -257.177879 
L 457.309597 -258.324069 
L 459.966316 -259.707069 
L 462.492388 -261.316355 
L 464.86859 -263.139678 
L 467.076837 -265.163163 
L 469.100322 -267.37141 
L 470.923645 -269.747612 
L 472.532931 -272.273684 
L 446.434025 -287.341895 
L 446.603058 -287.666605 
L 446.743148 -288.004811 
L 446.853228 -288.353941 
L 446.932461 -288.711336 
L 446.980243 -289.074276 
L 446.996211 -289.44 
L 446.980243 -289.805724 
L 446.932461 -290.168664 
L 446.853228 -290.526059 
L 446.743148 -290.875189 
L 446.603058 -291.213395 
L 446.434025 -291.538105 
L 446.237334 -291.846847 
L 446.014484 -292.137272 
L 445.767169 -292.407169 
L 445.497272 -292.654484 
L 445.206847 -292.877334 
L 444.898105 -293.074025 
L 444.573395 -293.243058 
L 444.235189 -293.383148 
L 443.886059 -293.493228 
L 443.528664 -293.572461 
L 443.165724 -293.620243 
L 442.8 -293.636211 
L 442.8 -311.946947 
L 442.8 -311.946947 
L 444.76161 -311.861302 
L 446.70829 -311.605016 
L 448.625227 -311.180042 
L 450.497829 -310.589612 
L 452.311847 -309.838222 
L 454.053474 -308.931588 
L 455.709455 -307.876612 
L 457.267187 -306.681322 
L 458.714815 -305.354815 
L 460.041322 -303.907187 
L 461.236612 -302.349455 
L 462.291588 -300.693474 
L 463.198222 -298.951847 
L 463.949612 -297.137829 
L 464.540042 -295.265227 
L 464.965016 -293.34829 
L 465.221302 -291.40161 
L 465.306947 -289.44 
L 465.221302 -287.47839 
L 464.965016 -285.53171 
L 464.540042 -283.614773 
L 463.949612 -281.742171 
L 463.198222 -279.928153 
L 462.291588 -278.186526 
L 491.694153 -261.210947 
L 489.047772 -257.056961 
L 486.049418 -253.149429 
L 482.721909 -249.518091 
L 479.090571 -246.190582 
L 475.183039 -243.192228 
L 471.029053 -240.545847 
L 466.660226 -238.27158 
L 462.109809 -236.386735 
L 457.412433 -234.905658 
L 452.603847 -233.83962 
L 447.720648 -233.196735 
L 442.8 -232.981895 
L 437.879352 -233.196735 
L 432.996153 -233.83962 
L 428.187567 -234.905658 
L 423.490191 -236.386735 
L 418.939774 -238.27158 
L 414.570947 -240.545847 
L 410.416961 -243.192228 
L 406.509429 -246.190582 
L 402.878091 -249.518091 
L 399.550582 -253.149429 
L 396.552228 -257.056961 
L 393.905847 -261.210947 
L 298.760467 -206.278737 
L 292.060599 -219.149063 
L 286.507949 -232.554346 
L 282.144776 -246.392563 
L 279.004287 -260.558396 
L 277.110381 -274.944037 
L 276.477474 -289.44 
L 277.110381 -303.935963 
L 279.004287 -318.321604 
L 282.144776 -332.487437 
L 286.507949 -346.325654 
L 292.060599 -359.730937 
L 298.760467 -372.601263 
L 306.556563 -384.838682 
L 315.389553 -396.350059 
L 325.192214 -407.047786 
L 335.889941 -416.850447 
L 347.401318 -425.683437 
L 359.638737 -433.479533 
L 372.509063 -440.179401 
L 385.914346 -445.732051 
L 399.752563 -450.095224 
L 413.918396 -453.235713 
L 428.304037 -455.129619 
L 442.8 -455.762526 
z
" id="m2c529ee94a" style="stroke:#fcaf58;"/>
    </defs>
    <g clip-path="url(#pb14d8a1909)">
     <use style="fill:#fcaf58;stroke:#fcaf58;" x="0" xlink:href="#m2c529ee94a" y="576"/>
    </g>
   </g>
   <g id="PolyCollection_5">
    <defs>
     <path d="M 442.8 -456.525474 
L 442.8 -455.762526 
L 428.304037 -455.129619 
L 413.918396 -453.235713 
L 399.752563 -450.095224 
L 385.914346 -445.732051 
L 372.509063 -440.179401 
L 359.638737 -433.479533 
L 347.401318 -425.683437 
L 335.889941 -416.850447 
L 325.192214 -407.047786 
L 315.389553 -396.350059 
L 306.556563 -384.838682 
L 298.760467 -372.601263 
L 292.060599 -359.730937 
L 286.507949 -346.325654 
L 282.144776 -332.487437 
L 279.004287 -318.321604 
L 277.110381 -303.935963 
L 276.477474 -289.44 
L 277.110381 -274.944037 
L 279.004287 -260.558396 
L 282.144776 -246.392563 
L 286.507949 -232.554346 
L 292.060599 -219.149063 
L 298.760467 -206.278737 
L 393.905847 -261.210947 
L 396.552228 -257.056961 
L 399.550582 -253.149429 
L 402.878091 -249.518091 
L 406.509429 -246.190582 
L 410.416961 -243.192228 
L 414.570947 -240.545847 
L 418.939774 -238.27158 
L 423.490191 -236.386735 
L 428.187567 -234.905658 
L 432.996153 -233.83962 
L 437.879352 -233.196735 
L 442.8 -232.981895 
L 447.720648 -233.196735 
L 452.603847 -233.83962 
L 457.412433 -234.905658 
L 462.109809 -236.386735 
L 466.660226 -238.27158 
L 471.029053 -240.545847 
L 475.183039 -243.192228 
L 479.090571 -246.190582 
L 482.721909 -249.518091 
L 486.049418 -253.149429 
L 489.047772 -257.056961 
L 491.694153 -261.210947 
L 462.291588 -278.186526 
L 463.198222 -279.928153 
L 463.949612 -281.742171 
L 464.540042 -283.614773 
L 464.965016 -285.53171 
L 465.221302 -287.47839 
L 465.306947 -289.44 
L 465.221302 -291.40161 
L 464.965016 -293.34829 
L 464.540042 -295.265227 
L 463.949612 -297.137829 
L 463.198222 -298.951847 
L 462.291588 -300.693474 
L 461.236612 -302.349455 
L 460.041322 -303.907187 
L 458.714815 -305.354815 
L 457.267187 -306.681322 
L 455.709455 -307.876612 
L 454.053474 -308.931588 
L 452.311847 -309.838222 
L 450.497829 -310.589612 
L 448.625227 -311.180042 
L 446.70829 -311.605016 
L 444.76161 -311.861302 
L 442.8 -311.946947 
L 442.8 -311.946947 
L 442.8 -311.946947 
L 444.76161 -311.861302 
L 446.70829 -311.605016 
L 448.625227 -311.180042 
L 450.497829 -310.589612 
L 452.311847 -309.838222 
L 454.053474 -308.931588 
L 455.709455 -307.876612 
L 457.267187 -306.681322 
L 458.714815 -305.354815 
L 460.041322 -303.907187 
L 461.236612 -302.349455 
L 462.291588 -300.693474 
L 463.198222 -298.951847 
L 463.949612 -297.137829 
L 464.540042 -295.265227 
L 464.965016 -293.34829 
L 465.221302 -291.40161 
L 465.306947 -289.44 
L 465.221302 -287.47839 
L 464.965016 -285.53171 
L 464.540042 -283.614773 
L 463.949612 -281.742171 
L 463.198222 -279.928153 
L 462.291588 -278.186526 
L 491.694153 -261.210947 
L 489.047772 -257.056961 
L 486.049418 -253.149429 
L 482.721909 -249.518091 
L 479.090571 -246.190582 
L 475.183039 -243.192228 
L 471.029053 -240.545847 
L 466.660226 -238.27158 
L 462.109809 -236.386735 
L 457.412433 -234.905658 
L 452.603847 -233.83962 
L 447.720648 -233.196735 
L 442.8 -232.981895 
L 437.879352 -233.196735 
L 432.996153 -233.83962 
L 428.187567 -234.905658 
L 423.490191 -236.386735 
L 418.939774 -238.27158 
L 414.570947 -240.545847 
L 410.416961 -243.192228 
L 406.509429 -246.190582 
L 402.878091 -249.518091 
L 399.550582 -253.149429 
L 396.552228 -257.056961 
L 393.905847 -261.210947 
L 298.099735 -205.897263 
L 291.369134 -218.826628 
L 285.791013 -232.293402 
L 281.407826 -246.195097 
L 278.25293 -260.425912 
L 276.350337 -274.877541 
L 275.714526 -289.44 
L 276.350337 -304.002459 
L 278.25293 -318.454088 
L 281.407826 -332.684903 
L 285.791013 -346.586598 
L 291.369134 -360.053372 
L 298.099735 -372.982737 
L 305.931593 -385.276291 
L 314.805101 -396.840472 
L 324.652729 -407.587271 
L 335.399528 -417.434899 
L 346.963709 -426.308407 
L 359.257263 -434.140265 
L 372.186628 -440.870866 
L 385.653402 -446.448987 
L 399.555097 -450.832174 
L 413.785912 -453.98707 
L 428.237541 -455.889663 
L 442.8 -456.525474 
z
" id="m2e28ee1172" style="stroke:#857bbe;"/>
    </defs>
    <g clip-path="url(#pb14d8a1909)">
     <use style="fill:#857bbe;stroke:#857bbe;" x="0" xlink:href="#m2e28ee1172" y="576"/>
    </g>
   </g>
   <g id="PolyCollection_6">
    <defs>
     <path d="M 442.8 -464.917895 
L 442.8 -456.525474 
L 428.237541 -455.889663 
L 413.785912 -453.98707 
L 399.555097 -450.832174 
L 385.653402 -446.448987 
L 372.186628 -440.870866 
L 359.257263 -434.140265 
L 346.963709 -426.308407 
L 335.399528 -417.434899 
L 324.652729 -407.587271 
L 314.805101 -396.840472 
L 305.931593 -385.276291 
L 298.099735 -372.982737 
L 291.369134 -360.053372 
L 285.791013 -346.586598 
L 281.407826 -332.684903 
L 278.25293 -318.454088 
L 276.350337 -304.002459 
L 275.714526 -289.44 
L 276.350337 -274.877541 
L 278.25293 -260.425912 
L 281.407826 -246.195097 
L 285.791013 -232.293402 
L 291.369134 -218.826628 
L 298.099735 -205.897263 
L 393.905847 -261.210947 
L 396.552228 -257.056961 
L 399.550582 -253.149429 
L 402.878091 -249.518091 
L 406.509429 -246.190582 
L 410.416961 -243.192228 
L 414.570947 -240.545847 
L 418.939774 -238.27158 
L 423.490191 -236.386735 
L 428.187567 -234.905658 
L 432.996153 -233.83962 
L 437.879352 -233.196735 
L 442.8 -232.981895 
L 447.720648 -233.196735 
L 452.603847 -233.83962 
L 457.412433 -234.905658 
L 462.109809 -236.386735 
L 466.660226 -238.27158 
L 471.029053 -240.545847 
L 475.183039 -243.192228 
L 479.090571 -246.190582 
L 482.721909 -249.518091 
L 486.049418 -253.149429 
L 489.047772 -257.056961 
L 491.694153 -261.210947 
L 462.291588 -278.186526 
L 463.198222 -279.928153 
L 463.949612 -281.742171 
L 464.540042 -283.614773 
L 464.965016 -285.53171 
L 465.221302 -287.47839 
L 465.306947 -289.44 
L 465.221302 -291.40161 
L 464.965016 -293.34829 
L 464.540042 -295.265227 
L 463.949612 -297.137829 
L 463.198222 -298.951847 
L 462.291588 -300.693474 
L 461.236612 -302.349455 
L 460.041322 -303.907187 
L 458.714815 -305.354815 
L 457.267187 -306.681322 
L 455.709455 -307.876612 
L 454.053474 -308.931588 
L 452.311847 -309.838222 
L 450.497829 -310.589612 
L 448.625227 -311.180042 
L 446.70829 -311.605016 
L 444.76161 -311.861302 
L 442.8 -311.946947 
L 442.8 -311.946947 
L 442.8 -311.946947 
L 444.76161 -311.861302 
L 446.70829 -311.605016 
L 448.625227 -311.180042 
L 450.497829 -310.589612 
L 452.311847 -309.838222 
L 454.053474 -308.931588 
L 455.709455 -307.876612 
L 457.267187 -306.681322 
L 458.714815 -305.354815 
L 460.041322 -303.907187 
L 461.236612 -302.349455 
L 462.291588 -300.693474 
L 463.198222 -298.951847 
L 463.949612 -297.137829 
L 464.540042 -295.265227 
L 464.965016 -293.34829 
L 465.221302 -291.40161 
L 465.306947 -289.44 
L 465.221302 -287.47839 
L 464.965016 -285.53171 
L 464.540042 -283.614773 
L 463.949612 -281.742171 
L 463.198222 -279.928153 
L 462.291588 -278.186526 
L 491.694153 -261.210947 
L 489.047772 -257.056961 
L 486.049418 -253.149429 
L 482.721909 -249.518091 
L 479.090571 -246.190582 
L 475.183039 -243.192228 
L 471.029053 -240.545847 
L 466.660226 -238.27158 
L 462.109809 -236.386735 
L 457.412433 -234.905658 
L 452.603847 -233.83962 
L 447.720648 -233.196735 
L 442.8 -232.981895 
L 437.879352 -233.196735 
L 432.996153 -233.83962 
L 428.187567 -234.905658 
L 423.490191 -236.386735 
L 418.939774 -238.27158 
L 414.570947 -240.545847 
L 410.416961 -243.192228 
L 406.509429 -246.190582 
L 402.878091 -249.518091 
L 399.550582 -253.149429 
L 396.552228 -257.056961 
L 393.905847 -261.210947 
L 290.831685 -201.701053 
L 283.763018 -215.279837 
L 277.904717 -229.423025 
L 273.30137 -244.022979 
L 269.988009 -258.968583 
L 267.989852 -274.146094 
L 267.322105 -289.44 
L 267.989852 -304.733906 
L 269.988009 -319.911417 
L 273.30137 -334.857021 
L 277.904717 -349.456975 
L 283.763018 -363.600163 
L 290.831685 -377.178947 
L 299.056924 -390.089986 
L 308.376134 -402.235017 
L 318.718391 -413.521609 
L 330.004983 -423.863866 
L 342.150014 -433.183076 
L 355.061053 -441.408315 
L 368.639837 -448.476982 
L 382.783025 -454.335283 
L 397.382979 -458.93863 
L 412.328583 -462.251991 
L 427.506094 -464.250148 
L 442.8 -464.917895 
z
" id="m2cbfa02ecd" style="stroke:#d39cd3;"/>
    </defs>
    <g clip-path="url(#pb14d8a1909)">
     <use style="fill:#d39cd3;stroke:#d39cd3;" x="0" xlink:href="#m2cbfa02ecd" y="576"/>
    </g>
   </g>
   <g id="PolyCollection_7">
    <defs>
     <path d="M 442.8 -464.917895 
L 442.8 -464.917895 
L 427.506094 -464.250148 
L 412.328583 -462.251991 
L 397.382979 -458.93863 
L 382.783025 -454.335283 
L 368.639837 -448.476982 
L 355.061053 -441.408315 
L 342.150014 -433.183076 
L 330.004983 -423.863866 
L 318.718391 -413.521609 
L 308.376134 -402.235017 
L 299.056924 -390.089986 
L 290.831685 -377.178947 
L 283.763018 -363.600163 
L 277.904717 -349.456975 
L 273.30137 -334.857021 
L 269.988009 -319.911417 
L 267.989852 -304.733906 
L 267.322105 -289.44 
L 267.989852 -274.146094 
L 269.988009 -258.968583 
L 273.30137 -244.022979 
L 277.904717 -229.423025 
L 283.763018 -215.279837 
L 290.831685 -201.701053 
L 393.905847 -261.210947 
L 396.552228 -257.056961 
L 399.550582 -253.149429 
L 402.878091 -249.518091 
L 406.509429 -246.190582 
L 410.416961 -243.192228 
L 414.570947 -240.545847 
L 418.939774 -238.27158 
L 423.490191 -236.386735 
L 428.187567 -234.905658 
L 432.996153 -233.83962 
L 437.879352 -233.196735 
L 442.8 -232.981895 
L 447.720648 -233.196735 
L 452.603847 -233.83962 
L 457.412433 -234.905658 
L 462.109809 -236.386735 
L 466.660226 -238.27158 
L 471.029053 -240.545847 
L 475.183039 -243.192228 
L 479.090571 -246.190582 
L 482.721909 -249.518091 
L 486.049418 -253.149429 
L 489.047772 -257.056961 
L 491.694153 -261.210947 
L 462.291588 -278.186526 
L 463.198222 -279.928153 
L 463.949612 -281.742171 
L 464.540042 -283.614773 
L 464.965016 -285.53171 
L 465.221302 -287.47839 
L 465.306947 -289.44 
L 465.221302 -291.40161 
L 464.965016 -293.34829 
L 464.540042 -295.265227 
L 463.949612 -297.137829 
L 463.198222 -298.951847 
L 462.291588 -300.693474 
L 461.236612 -302.349455 
L 460.041322 -303.907187 
L 458.714815 -305.354815 
L 457.267187 -306.681322 
L 455.709455 -307.876612 
L 454.053474 -308.931588 
L 452.311847 -309.838222 
L 450.497829 -310.589612 
L 448.625227 -311.180042 
L 446.70829 -311.605016 
L 444.76161 -311.861302 
L 442.8 -311.946947 
L 442.8 -311.946947 
L 442.8 -311.946947 
L 444.76161 -311.861302 
L 446.70829 -311.605016 
L 448.625227 -311.180042 
L 450.497829 -310.589612 
L 452.311847 -309.838222 
L 454.053474 -308.931588 
L 455.709455 -307.876612 
L 457.267187 -306.681322 
L 458.714815 -305.354815 
L 460.041322 -303.907187 
L 461.236612 -302.349455 
L 462.291588 -300.693474 
L 463.198222 -298.951847 
L 463.949612 -297.137829 
L 464.540042 -295.265227 
L 464.965016 -293.34829 
L 465.221302 -291.40161 
L 465.306947 -289.44 
L 465.221302 -287.47839 
L 464.965016 -285.53171 
L 464.540042 -283.614773 
L 463.949612 -281.742171 
L 463.198222 -279.928153 
L 462.291588 -278.186526 
L 491.694153 -261.210947 
L 489.047772 -257.056961 
L 486.049418 -253.149429 
L 482.721909 -249.518091 
L 479.090571 -246.190582 
L 475.183039 -243.192228 
L 471.029053 -240.545847 
L 466.660226 -238.27158 
L 462.109809 -236.386735 
L 457.412433 -234.905658 
L 452.603847 -233.83962 
L 447.720648 -233.196735 
L 442.8 -232.981895 
L 437.879352 -233.196735 
L 432.996153 -233.83962 
L 428.187567 -234.905658 
L 423.490191 -236.386735 
L 418.939774 -238.27158 
L 414.570947 -240.545847 
L 410.416961 -243.192228 
L 406.509429 -246.190582 
L 402.878091 -249.518091 
L 399.550582 -253.149429 
L 396.552228 -257.056961 
L 393.905847 -261.210947 
L 290.831685 -201.701053 
L 283.763018 -215.279837 
L 277.904717 -229.423025 
L 273.30137 -244.022979 
L 269.988009 -258.968583 
L 267.989852 -274.146094 
L 267.322105 -289.44 
L 267.989852 -304.733906 
L 269.988009 -319.911417 
L 273.30137 -334.857021 
L 277.904717 -349.456975 
L 283.763018 -363.600163 
L 290.831685 -377.178947 
L 299.056924 -390.089986 
L 308.376134 -402.235017 
L 318.718391 -413.521609 
L 330.004983 -423.863866 
L 342.150014 -433.183076 
L 355.061053 -441.408315 
L 368.639837 -448.476982 
L 382.783025 -454.335283 
L 397.382979 -458.93863 
L 412.328583 -462.251991 
L 427.506094 -464.250148 
L 442.8 -464.917895 
z
" id="me7a88af099" style="stroke:#c1ceeb;"/>
    </defs>
    <g clip-path="url(#pb14d8a1909)">
     <use style="fill:#c1ceeb;stroke:#c1ceeb;" x="0" xlink:href="#me7a88af099" y="576"/>
    </g>
   </g>
   <g id="PolyCollection_8">
    <defs>
     <path d="M 442.8 -506.88 
L 442.8 -464.917895 
L 427.506094 -464.250148 
L 412.328583 -462.251991 
L 397.382979 -458.93863 
L 382.783025 -454.335283 
L 368.639837 -448.476982 
L 355.061053 -441.408315 
L 342.150014 -433.183076 
L 330.004983 -423.863866 
L 318.718391 -413.521609 
L 308.376134 -402.235017 
L 299.056924 -390.089986 
L 290.831685 -377.178947 
L 283.763018 -363.600163 
L 277.904717 -349.456975 
L 273.30137 -334.857021 
L 269.988009 -319.911417 
L 267.989852 -304.733906 
L 267.322105 -289.44 
L 267.989852 -274.146094 
L 269.988009 -258.968583 
L 273.30137 -244.022979 
L 277.904717 -229.423025 
L 283.763018 -215.279837 
L 290.831685 -201.701053 
L 393.905847 -261.210947 
L 396.552228 -257.056961 
L 399.550582 -253.149429 
L 402.878091 -249.518091 
L 406.509429 -246.190582 
L 410.416961 -243.192228 
L 414.570947 -240.545847 
L 418.939774 -238.27158 
L 423.490191 -236.386735 
L 428.187567 -234.905658 
L 432.996153 -233.83962 
L 437.879352 -233.196735 
L 442.8 -232.981895 
L 447.720648 -233.196735 
L 452.603847 -233.83962 
L 457.412433 -234.905658 
L 462.109809 -236.386735 
L 466.660226 -238.27158 
L 471.029053 -240.545847 
L 475.183039 -243.192228 
L 479.090571 -246.190582 
L 482.721909 -249.518091 
L 486.049418 -253.149429 
L 489.047772 -257.056961 
L 491.694153 -261.210947 
L 462.291588 -278.186526 
L 463.198222 -279.928153 
L 463.949612 -281.742171 
L 464.540042 -283.614773 
L 464.965016 -285.53171 
L 465.221302 -287.47839 
L 465.306947 -289.44 
L 465.221302 -291.40161 
L 464.965016 -293.34829 
L 464.540042 -295.265227 
L 463.949612 -297.137829 
L 463.198222 -298.951847 
L 462.291588 -300.693474 
L 461.236612 -302.349455 
L 460.041322 -303.907187 
L 458.714815 -305.354815 
L 457.267187 -306.681322 
L 455.709455 -307.876612 
L 454.053474 -308.931588 
L 452.311847 -309.838222 
L 450.497829 -310.589612 
L 448.625227 -311.180042 
L 446.70829 -311.605016 
L 444.76161 -311.861302 
L 442.8 -311.946947 
L 442.8 -311.946947 
L 442.8 -311.946947 
L 444.76161 -311.861302 
L 446.70829 -311.605016 
L 448.625227 -311.180042 
L 450.497829 -310.589612 
L 452.311847 -309.838222 
L 454.053474 -308.931588 
L 455.709455 -307.876612 
L 457.267187 -306.681322 
L 458.714815 -305.354815 
L 460.041322 -303.907187 
L 461.236612 -302.349455 
L 462.291588 -300.693474 
L 463.198222 -298.951847 
L 463.949612 -297.137829 
L 464.540042 -295.265227 
L 464.965016 -293.34829 
L 465.221302 -291.40161 
L 465.306947 -289.44 
L 465.221302 -287.47839 
L 464.965016 -285.53171 
L 464.540042 -283.614773 
L 463.949612 -281.742171 
L 463.198222 -279.928153 
L 462.291588 -278.186526 
L 491.694153 -261.210947 
L 489.047772 -257.056961 
L 486.049418 -253.149429 
L 482.721909 -249.518091 
L 479.090571 -246.190582 
L 475.183039 -243.192228 
L 471.029053 -240.545847 
L 466.660226 -238.27158 
L 462.109809 -236.386735 
L 457.412433 -234.905658 
L 452.603847 -233.83962 
L 447.720648 -233.196735 
L 442.8 -232.981895 
L 437.879352 -233.196735 
L 432.996153 -233.83962 
L 428.187567 -234.905658 
L 423.490191 -236.386735 
L 418.939774 -238.27158 
L 414.570947 -240.545847 
L 410.416961 -243.192228 
L 406.509429 -246.190582 
L 402.878091 -249.518091 
L 399.550582 -253.149429 
L 396.552228 -257.056961 
L 393.905847 -261.210947 
L 254.491436 -180.72 
L 245.732435 -197.545885 
L 238.473237 -215.07114 
L 232.769088 -233.162387 
L 228.663402 -251.68194 
L 226.187425 -270.488855 
L 225.36 -289.44 
L 226.187425 -308.391145 
L 228.663402 -327.19806 
L 232.769088 -345.717613 
L 238.473237 -363.80886 
L 245.732435 -381.334115 
L 254.491436 -398.16 
L 264.683579 -414.15846 
L 276.231296 -429.207738 
L 289.046701 -443.193299 
L 303.032262 -456.008704 
L 318.08154 -467.556421 
L 334.08 -477.748564 
L 350.905885 -486.507565 
L 368.43114 -493.766763 
L 386.522387 -499.470912 
L 405.04194 -503.576598 
L 423.848855 -506.052575 
L 442.8 -506.88 
z
" id="mf7cab2d4fc" style="stroke:#fce4c5;"/>
    </defs>
    <g clip-path="url(#pb14d8a1909)">
     <use style="fill:#fce4c5;stroke:#fce4c5;" x="0" xlink:href="#mf7cab2d4fc" y="576"/>
    </g>
   </g>
   <g id="matplotlib.axis_1">
    <g id="xtick_1">
     <g id="line2d_1">
      <path clip-path="url(#pb14d8a1909)" d="M 442.8 286.56 
L 442.8 69.12 
" style="fill:none;stroke:#b0b0b0;stroke-linecap:square;stroke-width:0.8;"/>
     </g>
    </g>
    <g id="xtick_2">
     <g id="line2d_2">
      <path clip-path="url(#pb14d8a1909)" d="M 442.8 286.56 
L 254.491436 395.28 
" style="fill:none;stroke:#b0b0b0;stroke-linecap:square;stroke-width:0.8;"/>
     </g>
    </g>
    <g id="xtick_3">
     <g id="line2d_3">
      <path clip-path="url(#pb14d8a1909)" d="M 442.8 286.56 
L 631.108564 395.28 
" style="fill:none;stroke:#b0b0b0;stroke-linecap:square;stroke-width:0.8;"/>
     </g>
    </g>
   </g>
   <g id="matplotlib.axis_2"/>
   <g id="patch_3">
    <path d="M 442.8 69.12 
C 414.246041 69.12 385.969733 74.744507 359.589314 85.671634 
C 333.208896 96.598762 309.2374 112.616003 289.046701 132.806701 
C 268.856003 152.9974 252.838762 176.968896 241.911634 203.349314 
C 230.984507 229.729733 225.36 258.006041 225.36 286.56 
C 225.36 315.113959 230.984507 343.390267 241.911634 369.770686 
C 252.838762 396.151104 268.856003 420.1226 289.046701 440.313299 
C 309.2374 460.503997 333.208896 476.521238 359.589314 487.448366 
C 385.969733 498.375493 414.246041 504 442.8 504 
C 471.353959 504 499.630267 498.375493 526.010686 487.448366 
C 552.391104 476.521238 576.3626 460.503997 596.553299 440.313299 
C 616.743997 420.1226 632.761238 396.151104 643.688366 369.770686 
C 654.615493 343.390267 660.24 315.113959 660.24 286.56 
C 660.24 258.006041 654.615493 229.729733 643.688366 203.349314 
C 632.761238 176.968896 616.743997 152.9974 596.553299 132.806701 
C 576.3626 112.616003 552.391104 96.598762 526.010686 85.671634 
C 499.630267 74.744507 471.353959 69.12 442.8 69.12 
" style="fill:none;stroke:#000000;stroke-linecap:square;stroke-linejoin:miter;stroke-width:0.8;"/>
   </g>
  </g>
 </g>
 <defs>
  <clipPath id="pb14d8a1909">
   <path d="M 660.24 286.56 
C 660.24 258.006041 654.615493 229.729733 643.688366 203.349314 
C 632.761238 176.968896 616.743997 152.9974 596.553299 132.806701 
C 576.3626 112.616003 552.391104 96.598762 526.010686 85.671634 
C 499.630267 74.744507 471.353959 69.12 442.8 69.12 
C 414.246041 69.12 385.969733 74.744507 359.589314 85.671634 
C 333.208896 96.598762 309.2374 112.616003 289.046701 132.806701 
C 268.856003 152.9974 252.838762 176.968896 241.911634 203.349314 
C 230.984507 229.729733 225.36 258.006041 225.36 286.56 
C 225.36 315.113959 230.984507 343.390267 241.911634 369.770686 
C 252.838762 396.151104 268.856003 420.1226 289.046701 440.313299 
C 309.2374 460.503997 333.208896 476.521238 359.589314 487.448366 
C 385.969733 498.375493 414.246041 504 442.8 504 
C 471.353959 504 499.630267 498.375493 526.010686 487.448366 
C 552.391104 476.521238 576.3626 460.503997 596.553299 440.313299 
C 616.743997 420.1226 632.761238 396.151104 643.688366 369.770686 
C 654.615493 343.390267 660.24 315.113959 660.24 286.56 
M 442.8 286.56 
C 442.8 286.56 442.8 286.56 442.8 286.56 
C 442.8 286.56 442.8 286.56 442.8 286.56 
C 442.8 286.56 442.8 286.56 442.8 286.56 
C 442.8 286.56 442.8 286.56 442.8 286.56 
C 442.8 286.56 442.8 286.56 442.8 286.56 
C 442.8 286.56 442.8 286.56 442.8 286.56 
C 442.8 286.56 442.8 286.56 442.8 286.56 
C 442.8 286.56 442.8 286.56 442.8 286.56 
C 442.8 286.56 442.8 286.56 442.8 286.56 
C 442.8 286.56 442.8 286.56 442.8 286.56 
C 442.8 286.56 442.8 286.56 442.8 286.56 
C 442.8 286.56 442.8 286.56 442.8 286.56 
C 442.8 286.56 442.8 286.56 442.8 286.56 
C 442.8 286.56 442.8 286.56 442.8 286.56 
C 442.8 286.56 442.8 286.56 442.8 286.56 
C 442.8 286.56 442.8 286.56 442.8 286.56 
M 660.24 286.56 
z
"/>
  </clipPath>
 </defs>
</svg>
