<?xml version="1.0" encoding="utf-8" standalone="no"?>
<!DOCTYPE svg PUBLIC "-//W3C//DTD SVG 1.1//EN"
  "http://www.w3.org/Graphics/SVG/1.1/DTD/svg11.dtd">
<svg xmlns:xlink="http://www.w3.org/1999/xlink" width="864pt" height="576pt" viewBox="0 0 864 576" xmlns="http://www.w3.org/2000/svg" version="1.1">
 <metadata>
  <rdf:RDF xmlns:dc="http://purl.org/dc/elements/1.1/" xmlns:cc="http://creativecommons.org/ns#" xmlns:rdf="http://www.w3.org/1999/02/22-rdf-syntax-ns#">
   <cc:Work>
    <dc:type rdf:resource="http://purl.org/dc/dcmitype/StillImage"/>
    <dc:date>2023-12-21T14:15:45.153095</dc:date>
    <dc:format>image/svg+xml</dc:format>
    <dc:creator>
     <cc:Agent>
      <dc:title>Matplotlib v3.8.2, https://matplotlib.org/</dc:title>
     </cc:Agent>
    </dc:creator>
   </cc:Work>
  </rdf:RDF>
 </metadata>
 <defs>
  <style type="text/css">*{stroke-linejoin: round; stroke-linecap: butt}</style>
 </defs>
 <g id="figure_1">
  <g id="patch_1">
   <path d="M 0 576 
L 864 576 
L 864 0 
L 0 0 
z
" style="fill: #ffffff"/>
  </g>
  <g id="axes_1">
   <g id="patch_2">
    <path d="M 664.56 290.88 
C 664.56 261.758744 658.823747 232.920655 647.679525 206.016122 
C 636.535303 179.111589 620.199838 154.663838 599.608 134.072 
C 579.016162 113.480162 554.568411 97.144697 527.663878 86.000475 
C 500.759345 74.856253 471.921256 69.12 442.8 69.12 
C 413.678744 69.12 384.840655 74.856253 357.936122 86.000475 
C 331.031589 97.144697 306.583838 113.480162 285.992 134.072 
C 265.400162 154.663838 249.064697 179.111589 237.920475 206.016122 
C 226.776253 232.920655 221.04 261.758744 221.04 290.88 
C 221.04 320.001256 226.776253 348.839345 237.920475 375.743878 
C 249.064697 402.648411 265.400162 427.096162 285.992 447.688 
C 306.583838 468.279838 331.031589 484.615303 357.936122 495.759525 
C 384.840655 506.903747 413.678744 512.64 442.8 512.64 
C 471.921256 512.64 500.759345 506.903747 527.663878 495.759525 
C 554.568411 484.615303 579.016162 468.279838 599.608 447.688 
C 620.199838 427.096162 636.535303 402.648411 647.679525 375.743878 
C 658.823747 348.839345 664.56 320.001256 664.56 290.88 
M 442.8 290.88 
C 442.8 290.88 442.8 290.88 442.8 290.88 
C 442.8 290.88 442.8 290.88 442.8 290.88 
C 442.8 290.88 442.8 290.88 442.8 290.88 
C 442.8 290.88 442.8 290.88 442.8 290.88 
C 442.8 290.88 442.8 290.88 442.8 290.88 
C 442.8 290.88 442.8 290.88 442.8 290.88 
C 442.8 290.88 442.8 290.88 442.8 290.88 
C 442.8 290.88 442.8 290.88 442.8 290.88 
C 442.8 290.88 442.8 290.88 442.8 290.88 
C 442.8 290.88 442.8 290.88 442.8 290.88 
C 442.8 290.88 442.8 290.88 442.8 290.88 
C 442.8 290.88 442.8 290.88 442.8 290.88 
C 442.8 290.88 442.8 290.88 442.8 290.88 
C 442.8 290.88 442.8 290.88 442.8 290.88 
C 442.8 290.88 442.8 290.88 442.8 290.88 
C 442.8 290.88 442.8 290.88 442.8 290.88 
z
" style="fill: #ffffff"/>
   </g>
   <g id="PolyCollection_1">
    <defs>
     <path id="med2898c985" d="M 442.8 -285.12 
L 442.8 -285.12 
L 442.8 -285.12 
L 442.8 -285.12 
L 442.8 -285.12 
L 442.8 -285.12 
L 442.8 -285.12 
L 442.8 -285.12 
L 442.8 -285.12 
L 442.8 -285.12 
L 442.8 -285.12 
L 442.8 -285.12 
L 442.8 -285.12 
L 442.8 -285.12 
L 442.8 -285.12 
L 442.8 -285.12 
L 442.8 -285.12 
L 442.8 -285.12 
L 442.8 -285.12 
L 442.8 -285.12 
L 442.8 -285.12 
L 442.8 -285.12 
L 442.8 -285.12 
L 442.8 -285.12 
L 442.8 -285.12 
L 442.8 -285.12 
L 442.8 -285.12 
L 442.8 -285.12 
L 442.8 -285.12 
L 442.8 -285.12 
L 442.8 -285.12 
L 442.8 -285.12 
L 442.8 -285.12 
L 442.8 -285.12 
L 442.8 -285.12 
L 442.8 -285.12 
L 442.8 -285.12 
L 442.8 -285.12 
L 442.8 -285.12 
L 442.8 -285.12 
L 442.8 -285.12 
L 442.8 -285.12 
L 442.8 -285.12 
L 442.8 -285.12 
L 442.8 -285.12 
L 442.8 -285.12 
L 442.8 -285.12 
L 442.8 -285.12 
L 442.8 -285.12 
L 442.8 -285.12 
L 442.8 -285.12 
L 442.8 -285.12 
L 442.8 -285.12 
L 442.8 -285.12 
L 442.8 -285.12 
L 442.8 -285.12 
L 442.8 -285.12 
L 442.8 -285.12 
L 442.8 -285.12 
L 442.8 -285.12 
L 442.8 -285.12 
L 442.8 -285.12 
L 442.8 -285.12 
L 442.8 -285.12 
L 442.8 -285.12 
L 442.8 -285.12 
L 442.8 -285.12 
L 442.8 -285.12 
L 442.8 -285.12 
L 442.8 -285.12 
L 442.8 -285.12 
L 442.8 -285.12 
L 442.8 -285.12 
L 442.8 -285.12 
L 442.8 -285.12 
L 442.8 -285.12 
L 442.8 -285.12 
L 442.8 -285.12 
L 442.8 -285.12 
L 442.8 -285.12 
L 442.8 -285.12 
L 442.8 -285.12 
L 442.8 -285.12 
L 442.8 -285.12 
L 442.8 -285.12 
L 442.8 -285.12 
L 442.8 -285.12 
L 442.8 -285.12 
L 442.8 -285.12 
L 442.8 -285.12 
L 442.8 -285.12 
L 442.8 -285.12 
L 442.8 -285.12 
L 442.8 -285.12 
L 442.8 -285.12 
L 442.8 -285.12 
L 442.8 -285.12 
L 442.8 -285.12 
L 442.8 -285.12 
L 442.8 -285.12 
L 442.8 -285.12 
L 442.8 -285.12 
L 442.8 -285.12 
L 442.8 -285.12 
L 442.8 -285.12 
L 442.8 -285.12 
L 442.8 -285.12 
L 442.8 -285.12 
L 442.8 -285.12 
L 442.8 -285.12 
L 442.8 -285.12 
L 442.8 -285.12 
L 442.8 -285.12 
L 442.8 -285.12 
L 442.8 -285.12 
L 442.8 -285.12 
L 442.8 -285.12 
L 442.8 -285.12 
L 442.8 -285.12 
L 442.8 -285.12 
L 442.8 -285.12 
L 442.8 -285.12 
L 442.8 -285.12 
L 442.8 -285.12 
L 442.8 -285.12 
L 442.8 -285.12 
L 442.8 -285.12 
L 442.8 -285.12 
L 442.8 -285.12 
L 442.8 -285.12 
L 442.8 -285.12 
L 442.8 -285.12 
L 442.8 -285.12 
L 442.8 -285.12 
L 442.8 -285.12 
L 442.8 -285.12 
L 442.8 -285.12 
L 442.8 -285.12 
L 442.8 -285.12 
L 442.8 -285.12 
L 442.8 -285.12 
L 442.8 -285.12 
L 442.8 -285.12 
L 442.8 -285.12 
L 442.8 -285.12 
L 442.8 -285.12 
L 442.8 -285.12 
L 442.8 -285.12 
L 442.8 -285.12 
L 442.8 -285.12 
L 442.8 -285.12 
L 442.8 -285.12 
z
" style="stroke: #3e0081"/>
    </defs>
    <g clip-path="url(#pd07b5259eb)">
     <use xlink:href="#med2898c985" x="0" y="576" style="fill: #3e0081; stroke: #3e0081"/>
    </g>
   </g>
   <g id="PolyCollection_2">
    <defs>
     <path id="m186aff1d06" d="M 442.8 -285.12 
L 442.8 -285.12 
L 442.8 -285.12 
L 442.8 -285.12 
L 442.8 -285.12 
L 442.8 -285.12 
L 442.8 -285.12 
L 442.8 -285.12 
L 442.8 -285.12 
L 442.8 -285.12 
L 442.8 -285.12 
L 442.8 -285.12 
L 442.8 -285.12 
L 442.8 -285.12 
L 442.8 -285.12 
L 442.8 -285.12 
L 442.8 -285.12 
L 442.8 -285.12 
L 442.8 -285.12 
L 442.8 -285.12 
L 442.8 -285.12 
L 442.8 -285.12 
L 442.8 -285.12 
L 442.8 -285.12 
L 442.8 -285.12 
L 442.8 -285.12 
L 442.8 -285.12 
L 442.8 -285.12 
L 442.8 -285.12 
L 442.8 -285.12 
L 442.8 -285.12 
L 442.8 -285.12 
L 442.8 -285.12 
L 442.8 -285.12 
L 442.8 -285.12 
L 442.8 -285.12 
L 442.8 -285.12 
L 442.8 -285.12 
L 442.8 -285.12 
L 442.8 -285.12 
L 442.8 -285.12 
L 442.8 -285.12 
L 442.8 -285.12 
L 442.8 -285.12 
L 442.8 -285.12 
L 442.8 -285.12 
L 442.8 -285.12 
L 442.8 -285.12 
L 442.8 -285.12 
L 442.8 -285.12 
L 442.8 -285.12 
L 442.8 -285.12 
L 442.8 -285.12 
L 442.8 -285.12 
L 442.8 -285.12 
L 442.8 -285.12 
L 442.8 -285.12 
L 442.8 -285.12 
L 442.8 -285.12 
L 442.8 -285.12 
L 442.8 -285.12 
L 442.8 -285.12 
L 442.8 -285.12 
L 442.8 -285.12 
L 442.8 -285.12 
L 442.8 -285.12 
L 442.8 -285.12 
L 442.8 -285.12 
L 442.8 -285.12 
L 442.8 -285.12 
L 442.8 -285.12 
L 442.8 -285.12 
L 442.8 -285.12 
L 442.8 -285.12 
L 442.8 -285.12 
L 442.8 -285.12 
L 442.8 -287.3376 
L 442.8 -287.3376 
L 442.993277 -287.329161 
L 443.185082 -287.30391 
L 443.373957 -287.262037 
L 443.558464 -287.203862 
L 443.737198 -287.129828 
L 443.9088 -287.040498 
L 444.071963 -286.936552 
L 444.225446 -286.81878 
L 444.36808 -286.68808 
L 444.49878 -286.545446 
L 444.616552 -286.391963 
L 444.720498 -286.2288 
L 444.809828 -286.057198 
L 444.883862 -285.878464 
L 444.942037 -285.693957 
L 444.98391 -285.505082 
L 445.009161 -285.313277 
L 445.0176 -285.12 
L 445.009161 -284.926723 
L 444.98391 -284.734918 
L 444.942037 -284.546043 
L 444.883862 -284.361536 
L 444.809828 -284.182802 
L 444.720498 -284.0112 
L 442.8 -285.12 
L 442.8 -285.12 
L 442.8 -285.12 
L 442.8 -285.12 
L 442.8 -285.12 
L 442.8 -285.12 
L 442.8 -285.12 
L 442.8 -285.12 
L 442.8 -285.12 
L 442.8 -285.12 
L 442.8 -285.12 
L 442.8 -285.12 
L 442.8 -285.12 
L 442.8 -285.12 
L 442.8 -285.12 
L 442.8 -285.12 
L 442.8 -285.12 
L 442.8 -285.12 
L 442.8 -285.12 
L 442.8 -285.12 
L 442.8 -285.12 
L 442.8 -285.12 
L 442.8 -285.12 
L 442.8 -285.12 
L 442.8 -285.12 
L 442.8 -285.12 
L 442.8 -285.12 
L 442.8 -285.12 
L 442.8 -285.12 
L 442.8 -285.12 
L 442.8 -285.12 
L 442.8 -285.12 
L 442.8 -285.12 
L 442.8 -285.12 
L 442.8 -285.12 
L 442.8 -285.12 
L 442.8 -285.12 
L 442.8 -285.12 
L 442.8 -285.12 
L 442.8 -285.12 
L 442.8 -285.12 
L 442.8 -285.12 
L 442.8 -285.12 
L 442.8 -285.12 
L 442.8 -285.12 
L 442.8 -285.12 
L 442.8 -285.12 
L 442.8 -285.12 
L 442.8 -285.12 
L 442.8 -285.12 
z
" style="stroke: #a447a5"/>
    </defs>
    <g clip-path="url(#pd07b5259eb)">
     <use xlink:href="#m186aff1d06" x="0" y="576" style="fill: #a447a5; stroke: #a447a5"/>
    </g>
   </g>
   <g id="PolyCollection_3">
    <defs>
     <path id="mca0ac33882" d="M 442.8 -285.12 
L 442.8 -285.12 
L 442.8 -285.12 
L 442.8 -285.12 
L 442.8 -285.12 
L 442.8 -285.12 
L 442.8 -285.12 
L 442.8 -285.12 
L 442.8 -285.12 
L 442.8 -285.12 
L 442.8 -285.12 
L 442.8 -285.12 
L 442.8 -285.12 
L 442.8 -285.12 
L 442.8 -285.12 
L 442.8 -285.12 
L 442.8 -285.12 
L 442.8 -285.12 
L 442.8 -285.12 
L 442.8 -285.12 
L 442.8 -285.12 
L 442.8 -285.12 
L 442.8 -285.12 
L 442.8 -285.12 
L 442.8 -285.12 
L 442.8 -285.12 
L 442.8 -285.12 
L 442.8 -285.12 
L 442.8 -285.12 
L 442.8 -285.12 
L 442.8 -285.12 
L 442.8 -285.12 
L 442.8 -285.12 
L 442.8 -285.12 
L 442.8 -285.12 
L 442.8 -285.12 
L 442.8 -285.12 
L 442.8 -285.12 
L 442.8 -285.12 
L 442.8 -285.12 
L 442.8 -285.12 
L 442.8 -285.12 
L 442.8 -285.12 
L 442.8 -285.12 
L 442.8 -285.12 
L 442.8 -285.12 
L 442.8 -285.12 
L 442.8 -285.12 
L 442.8 -285.12 
L 442.8 -285.12 
L 442.8 -285.12 
L 444.720498 -284.0112 
L 444.809828 -284.182802 
L 444.883862 -284.361536 
L 444.942037 -284.546043 
L 444.98391 -284.734918 
L 445.009161 -284.926723 
L 445.0176 -285.12 
L 445.009161 -285.313277 
L 444.98391 -285.505082 
L 444.942037 -285.693957 
L 444.883862 -285.878464 
L 444.809828 -286.057198 
L 444.720498 -286.2288 
L 444.616552 -286.391963 
L 444.49878 -286.545446 
L 444.36808 -286.68808 
L 444.225446 -286.81878 
L 444.071963 -286.936552 
L 443.9088 -287.040498 
L 443.737198 -287.129828 
L 443.558464 -287.203862 
L 443.373957 -287.262037 
L 443.185082 -287.30391 
L 442.993277 -287.329161 
L 442.8 -287.3376 
L 442.8 -287.3376 
L 442.8 -287.3376 
L 442.993277 -287.329161 
L 443.185082 -287.30391 
L 443.373957 -287.262037 
L 443.558464 -287.203862 
L 443.737198 -287.129828 
L 443.9088 -287.040498 
L 444.071963 -286.936552 
L 444.225446 -286.81878 
L 444.36808 -286.68808 
L 444.49878 -286.545446 
L 444.616552 -286.391963 
L 444.720498 -286.2288 
L 444.809828 -286.057198 
L 444.883862 -285.878464 
L 444.942037 -285.693957 
L 444.98391 -285.505082 
L 445.009161 -285.313277 
L 445.0176 -285.12 
L 445.009161 -284.926723 
L 444.98391 -284.734918 
L 444.942037 -284.546043 
L 444.883862 -284.361536 
L 444.809828 -284.182802 
L 444.720498 -284.0112 
L 442.8 -285.12 
L 442.8 -285.12 
L 442.8 -285.12 
L 442.8 -285.12 
L 442.8 -285.12 
L 442.8 -285.12 
L 442.8 -285.12 
L 442.8 -285.12 
L 442.8 -285.12 
L 442.8 -285.12 
L 442.8 -285.12 
L 442.8 -285.12 
L 442.8 -285.12 
L 442.8 -285.12 
L 442.8 -285.12 
L 442.8 -285.12 
L 442.8 -285.12 
L 442.8 -285.12 
L 442.8 -285.12 
L 442.8 -285.12 
L 442.8 -285.12 
L 442.8 -285.12 
L 442.8 -285.12 
L 442.8 -285.12 
L 442.8 -285.12 
L 442.8 -285.12 
L 442.8 -285.12 
L 442.8 -285.12 
L 442.8 -285.12 
L 442.8 -285.12 
L 442.8 -285.12 
L 442.8 -285.12 
L 442.8 -285.12 
L 442.8 -285.12 
L 442.8 -285.12 
L 442.8 -285.12 
L 442.8 -285.12 
L 442.8 -285.12 
L 442.8 -285.12 
L 442.8 -285.12 
L 442.8 -285.12 
L 442.8 -285.12 
L 442.8 -285.12 
L 442.8 -285.12 
L 442.8 -285.12 
L 442.8 -285.12 
L 442.8 -285.12 
L 442.8 -285.12 
L 442.8 -285.12 
L 442.8 -285.12 
z
" style="stroke: #6586cd"/>
    </defs>
    <g clip-path="url(#pd07b5259eb)">
     <use xlink:href="#mca0ac33882" x="0" y="576" style="fill: #6586cd; stroke: #6586cd"/>
    </g>
   </g>
   <g id="PolyCollection_4">
    <defs>
     <path id="ma31d4f1721" d="M 442.8 -380.4768 
L 442.8 -285.12 
L 442.8 -285.12 
L 442.8 -285.12 
L 442.8 -285.12 
L 442.8 -285.12 
L 442.8 -285.12 
L 442.8 -285.12 
L 442.8 -285.12 
L 442.8 -285.12 
L 442.8 -285.12 
L 442.8 -285.12 
L 442.8 -285.12 
L 442.8 -285.12 
L 442.8 -285.12 
L 442.8 -285.12 
L 442.8 -285.12 
L 442.8 -285.12 
L 442.8 -285.12 
L 442.8 -285.12 
L 442.8 -285.12 
L 442.8 -285.12 
L 442.8 -285.12 
L 442.8 -285.12 
L 442.8 -285.12 
L 442.8 -285.12 
L 442.8 -285.12 
L 442.8 -285.12 
L 442.8 -285.12 
L 442.8 -285.12 
L 442.8 -285.12 
L 442.8 -285.12 
L 442.8 -285.12 
L 442.8 -285.12 
L 442.8 -285.12 
L 442.8 -285.12 
L 442.8 -285.12 
L 442.8 -285.12 
L 442.8 -285.12 
L 442.8 -285.12 
L 442.8 -285.12 
L 442.8 -285.12 
L 442.8 -285.12 
L 442.8 -285.12 
L 442.8 -285.12 
L 442.8 -285.12 
L 442.8 -285.12 
L 442.8 -285.12 
L 442.8 -285.12 
L 442.8 -285.12 
L 442.8 -285.12 
L 444.720498 -284.0112 
L 444.809828 -284.182802 
L 444.883862 -284.361536 
L 444.942037 -284.546043 
L 444.98391 -284.734918 
L 445.009161 -284.926723 
L 445.0176 -285.12 
L 445.009161 -285.313277 
L 444.98391 -285.505082 
L 444.942037 -285.693957 
L 444.883862 -285.878464 
L 444.809828 -286.057198 
L 444.720498 -286.2288 
L 444.616552 -286.391963 
L 444.49878 -286.545446 
L 444.36808 -286.68808 
L 444.225446 -286.81878 
L 444.071963 -286.936552 
L 443.9088 -287.040498 
L 443.737198 -287.129828 
L 443.558464 -287.203862 
L 443.373957 -287.262037 
L 443.185082 -287.30391 
L 442.993277 -287.329161 
L 442.8 -287.3376 
L 442.8 -289.5552 
L 442.8 -289.5552 
L 443.186553 -289.538323 
L 443.570164 -289.487819 
L 443.947914 -289.404074 
L 444.316928 -289.287725 
L 444.674397 -289.139656 
L 445.0176 -288.960996 
L 445.343926 -288.753103 
L 445.650892 -288.51756 
L 445.93616 -288.25616 
L 446.19756 -287.970892 
L 446.433103 -287.663926 
L 446.640996 -287.3376 
L 446.819656 -286.994397 
L 446.967725 -286.636928 
L 447.084074 -286.267914 
L 447.167819 -285.890164 
L 447.218323 -285.506553 
L 447.2352 -285.12 
L 447.218323 -284.733447 
L 447.167819 -284.349836 
L 447.084074 -283.972086 
L 446.967725 -283.603072 
L 446.819656 -283.245603 
L 446.640996 -282.9024 
L 446.640996 -282.9024 
L 446.433103 -282.576074 
L 446.19756 -282.269108 
L 445.93616 -281.98384 
L 445.650892 -281.72244 
L 445.343926 -281.486897 
L 445.0176 -281.279004 
L 444.674397 -281.100344 
L 444.316928 -280.952275 
L 443.947914 -280.835926 
L 443.570164 -280.752181 
L 443.186553 -280.701677 
L 442.8 -280.6848 
L 442.413447 -280.701677 
L 442.029836 -280.752181 
L 441.652086 -280.835926 
L 441.283072 -280.952275 
L 440.925603 -281.100344 
L 440.5824 -281.279004 
L 440.256074 -281.486897 
L 439.949108 -281.72244 
L 439.66384 -281.98384 
L 439.40244 -282.269108 
L 439.166897 -282.576074 
L 438.959004 -282.9024 
L 360.218589 -237.4416 
L 356.37739 -244.820475 
L 353.193919 -252.506054 
L 350.692404 -260.439844 
L 348.891884 -268.561465 
L 347.806061 -276.809107 
L 347.4432 -285.12 
L 347.806061 -293.430893 
L 348.891884 -301.678535 
L 350.692404 -309.800156 
L 353.193919 -317.733946 
L 356.37739 -325.419525 
L 360.218589 -332.7984 
L 364.688282 -339.814414 
L 369.752453 -346.41417 
L 375.37256 -352.54744 
L 381.50583 -358.167547 
L 388.105586 -363.231718 
L 395.1216 -367.701411 
L 402.500475 -371.54261 
L 410.186054 -374.726081 
L 418.119844 -377.227596 
L 426.241465 -379.028116 
L 434.489107 -380.113939 
L 442.8 -380.4768 
z
" style="stroke: #fcaf58"/>
    </defs>
    <g clip-path="url(#pd07b5259eb)">
     <use xlink:href="#ma31d4f1721" x="0" y="576" style="fill: #fcaf58; stroke: #fcaf58"/>
    </g>
   </g>
   <g id="PolyCollection_5">
    <defs>
     <path id="m90b46061c9" d="M 442.8 -380.4768 
L 442.8 -380.4768 
L 434.489107 -380.113939 
L 426.241465 -379.028116 
L 418.119844 -377.227596 
L 410.186054 -374.726081 
L 402.500475 -371.54261 
L 395.1216 -367.701411 
L 388.105586 -363.231718 
L 381.50583 -358.167547 
L 375.37256 -352.54744 
L 369.752453 -346.41417 
L 364.688282 -339.814414 
L 360.218589 -332.7984 
L 356.37739 -325.419525 
L 353.193919 -317.733946 
L 350.692404 -309.800156 
L 348.891884 -301.678535 
L 347.806061 -293.430893 
L 347.4432 -285.12 
L 347.806061 -276.809107 
L 348.891884 -268.561465 
L 350.692404 -260.439844 
L 353.193919 -252.506054 
L 356.37739 -244.820475 
L 360.218589 -237.4416 
L 438.959004 -282.9024 
L 439.166897 -282.576074 
L 439.40244 -282.269108 
L 439.66384 -281.98384 
L 439.949108 -281.72244 
L 440.256074 -281.486897 
L 440.5824 -281.279004 
L 440.925603 -281.100344 
L 441.283072 -280.952275 
L 441.652086 -280.835926 
L 442.029836 -280.752181 
L 442.413447 -280.701677 
L 442.8 -280.6848 
L 443.186553 -280.701677 
L 443.570164 -280.752181 
L 443.947914 -280.835926 
L 444.316928 -280.952275 
L 444.674397 -281.100344 
L 445.0176 -281.279004 
L 445.343926 -281.486897 
L 445.650892 -281.72244 
L 445.93616 -281.98384 
L 446.19756 -282.269108 
L 446.433103 -282.576074 
L 446.640996 -282.9024 
L 446.640996 -282.9024 
L 446.819656 -283.245603 
L 446.967725 -283.603072 
L 447.084074 -283.972086 
L 447.167819 -284.349836 
L 447.218323 -284.733447 
L 447.2352 -285.12 
L 447.218323 -285.506553 
L 447.167819 -285.890164 
L 447.084074 -286.267914 
L 446.967725 -286.636928 
L 446.819656 -286.994397 
L 446.640996 -287.3376 
L 446.433103 -287.663926 
L 446.19756 -287.970892 
L 445.93616 -288.25616 
L 445.650892 -288.51756 
L 445.343926 -288.753103 
L 445.0176 -288.960996 
L 444.674397 -289.139656 
L 444.316928 -289.287725 
L 443.947914 -289.404074 
L 443.570164 -289.487819 
L 443.186553 -289.538323 
L 442.8 -289.5552 
L 442.8 -289.5552 
L 442.8 -289.5552 
L 443.186553 -289.538323 
L 443.570164 -289.487819 
L 443.947914 -289.404074 
L 444.316928 -289.287725 
L 444.674397 -289.139656 
L 445.0176 -288.960996 
L 445.343926 -288.753103 
L 445.650892 -288.51756 
L 445.93616 -288.25616 
L 446.19756 -287.970892 
L 446.433103 -287.663926 
L 446.640996 -287.3376 
L 446.819656 -286.994397 
L 446.967725 -286.636928 
L 447.084074 -286.267914 
L 447.167819 -285.890164 
L 447.218323 -285.506553 
L 447.2352 -285.12 
L 447.218323 -284.733447 
L 447.167819 -284.349836 
L 447.084074 -283.972086 
L 446.967725 -283.603072 
L 446.819656 -283.245603 
L 446.640996 -282.9024 
L 446.640996 -282.9024 
L 446.433103 -282.576074 
L 446.19756 -282.269108 
L 445.93616 -281.98384 
L 445.650892 -281.72244 
L 445.343926 -281.486897 
L 445.0176 -281.279004 
L 444.674397 -281.100344 
L 444.316928 -280.952275 
L 443.947914 -280.835926 
L 443.570164 -280.752181 
L 443.186553 -280.701677 
L 442.8 -280.6848 
L 442.413447 -280.701677 
L 442.029836 -280.752181 
L 441.652086 -280.835926 
L 441.283072 -280.952275 
L 440.925603 -281.100344 
L 440.5824 -281.279004 
L 440.256074 -281.486897 
L 439.949108 -281.72244 
L 439.66384 -281.98384 
L 439.40244 -282.269108 
L 439.166897 -282.576074 
L 438.959004 -282.9024 
L 360.218589 -237.4416 
L 356.37739 -244.820475 
L 353.193919 -252.506054 
L 350.692404 -260.439844 
L 348.891884 -268.561465 
L 347.806061 -276.809107 
L 347.4432 -285.12 
L 347.806061 -293.430893 
L 348.891884 -301.678535 
L 350.692404 -309.800156 
L 353.193919 -317.733946 
L 356.37739 -325.419525 
L 360.218589 -332.7984 
L 364.688282 -339.814414 
L 369.752453 -346.41417 
L 375.37256 -352.54744 
L 381.50583 -358.167547 
L 388.105586 -363.231718 
L 395.1216 -367.701411 
L 402.500475 -371.54261 
L 410.186054 -374.726081 
L 418.119844 -377.227596 
L 426.241465 -379.028116 
L 434.489107 -380.113939 
L 442.8 -380.4768 
z
" style="stroke: #857bbe"/>
    </defs>
    <g clip-path="url(#pd07b5259eb)">
     <use xlink:href="#m90b46061c9" x="0" y="576" style="fill: #857bbe; stroke: #857bbe"/>
    </g>
   </g>
   <g id="PolyCollection_6">
    <defs>
     <path id="mc6abe68131" d="M 442.8 -380.4768 
L 442.8 -380.4768 
L 434.489107 -380.113939 
L 426.241465 -379.028116 
L 418.119844 -377.227596 
L 410.186054 -374.726081 
L 402.500475 -371.54261 
L 395.1216 -367.701411 
L 388.105586 -363.231718 
L 381.50583 -358.167547 
L 375.37256 -352.54744 
L 369.752453 -346.41417 
L 364.688282 -339.814414 
L 360.218589 -332.7984 
L 356.37739 -325.419525 
L 353.193919 -317.733946 
L 350.692404 -309.800156 
L 348.891884 -301.678535 
L 347.806061 -293.430893 
L 347.4432 -285.12 
L 347.806061 -276.809107 
L 348.891884 -268.561465 
L 350.692404 -260.439844 
L 353.193919 -252.506054 
L 356.37739 -244.820475 
L 360.218589 -237.4416 
L 438.959004 -282.9024 
L 439.166897 -282.576074 
L 439.40244 -282.269108 
L 439.66384 -281.98384 
L 439.949108 -281.72244 
L 440.256074 -281.486897 
L 440.5824 -281.279004 
L 440.925603 -281.100344 
L 441.283072 -280.952275 
L 441.652086 -280.835926 
L 442.029836 -280.752181 
L 442.413447 -280.701677 
L 442.8 -280.6848 
L 443.186553 -280.701677 
L 443.570164 -280.752181 
L 443.947914 -280.835926 
L 444.316928 -280.952275 
L 444.674397 -281.100344 
L 445.0176 -281.279004 
L 445.343926 -281.486897 
L 445.650892 -281.72244 
L 445.93616 -281.98384 
L 446.19756 -282.269108 
L 446.433103 -282.576074 
L 446.640996 -282.9024 
L 446.640996 -282.9024 
L 446.819656 -283.245603 
L 446.967725 -283.603072 
L 447.084074 -283.972086 
L 447.167819 -284.349836 
L 447.218323 -284.733447 
L 447.2352 -285.12 
L 447.218323 -285.506553 
L 447.167819 -285.890164 
L 447.084074 -286.267914 
L 446.967725 -286.636928 
L 446.819656 -286.994397 
L 446.640996 -287.3376 
L 446.433103 -287.663926 
L 446.19756 -287.970892 
L 445.93616 -288.25616 
L 445.650892 -288.51756 
L 445.343926 -288.753103 
L 445.0176 -288.960996 
L 444.674397 -289.139656 
L 444.316928 -289.287725 
L 443.947914 -289.404074 
L 443.570164 -289.487819 
L 443.186553 -289.538323 
L 442.8 -289.5552 
L 442.8 -293.9904 
L 442.8 -293.9904 
L 443.573106 -293.956645 
L 444.340329 -293.855639 
L 445.095828 -293.688148 
L 445.833855 -293.455449 
L 446.548793 -293.159313 
L 447.2352 -292.801992 
L 447.887852 -292.386206 
L 448.501783 -291.915121 
L 449.07232 -291.39232 
L 449.595121 -290.821783 
L 450.066206 -290.207852 
L 450.481992 -289.5552 
L 450.839313 -288.868793 
L 451.135449 -288.153855 
L 451.368148 -287.415828 
L 451.535639 -286.660329 
L 451.636645 -285.893106 
L 451.6704 -285.12 
L 451.636645 -284.346894 
L 451.535639 -283.579671 
L 451.368148 -282.824172 
L 451.135449 -282.086145 
L 450.839313 -281.371207 
L 450.481992 -280.6848 
L 446.640996 -282.9024 
L 446.433103 -282.576074 
L 446.19756 -282.269108 
L 445.93616 -281.98384 
L 445.650892 -281.72244 
L 445.343926 -281.486897 
L 445.0176 -281.279004 
L 444.674397 -281.100344 
L 444.316928 -280.952275 
L 443.947914 -280.835926 
L 443.570164 -280.752181 
L 443.186553 -280.701677 
L 442.8 -280.6848 
L 442.413447 -280.701677 
L 442.029836 -280.752181 
L 441.652086 -280.835926 
L 441.283072 -280.952275 
L 440.925603 -281.100344 
L 440.5824 -281.279004 
L 440.256074 -281.486897 
L 439.949108 -281.72244 
L 439.66384 -281.98384 
L 439.40244 -282.269108 
L 439.166897 -282.576074 
L 438.959004 -282.9024 
L 360.218589 -237.4416 
L 356.37739 -244.820475 
L 353.193919 -252.506054 
L 350.692404 -260.439844 
L 348.891884 -268.561465 
L 347.806061 -276.809107 
L 347.4432 -285.12 
L 347.806061 -293.430893 
L 348.891884 -301.678535 
L 350.692404 -309.800156 
L 353.193919 -317.733946 
L 356.37739 -325.419525 
L 360.218589 -332.7984 
L 364.688282 -339.814414 
L 369.752453 -346.41417 
L 375.37256 -352.54744 
L 381.50583 -358.167547 
L 388.105586 -363.231718 
L 395.1216 -367.701411 
L 402.500475 -371.54261 
L 410.186054 -374.726081 
L 418.119844 -377.227596 
L 426.241465 -379.028116 
L 434.489107 -380.113939 
L 442.8 -380.4768 
z
" style="stroke: #d39cd3"/>
    </defs>
    <g clip-path="url(#pd07b5259eb)">
     <use xlink:href="#mc6abe68131" x="0" y="576" style="fill: #d39cd3; stroke: #d39cd3"/>
    </g>
   </g>
   <g id="PolyCollection_7">
    <defs>
     <path id="m97ce875bad" d="M 442.8 -380.4768 
L 442.8 -380.4768 
L 434.489107 -380.113939 
L 426.241465 -379.028116 
L 418.119844 -377.227596 
L 410.186054 -374.726081 
L 402.500475 -371.54261 
L 395.1216 -367.701411 
L 388.105586 -363.231718 
L 381.50583 -358.167547 
L 375.37256 -352.54744 
L 369.752453 -346.41417 
L 364.688282 -339.814414 
L 360.218589 -332.7984 
L 356.37739 -325.419525 
L 353.193919 -317.733946 
L 350.692404 -309.800156 
L 348.891884 -301.678535 
L 347.806061 -293.430893 
L 347.4432 -285.12 
L 347.806061 -276.809107 
L 348.891884 -268.561465 
L 350.692404 -260.439844 
L 353.193919 -252.506054 
L 356.37739 -244.820475 
L 360.218589 -237.4416 
L 438.959004 -282.9024 
L 439.166897 -282.576074 
L 439.40244 -282.269108 
L 439.66384 -281.98384 
L 439.949108 -281.72244 
L 440.256074 -281.486897 
L 440.5824 -281.279004 
L 440.925603 -281.100344 
L 441.283072 -280.952275 
L 441.652086 -280.835926 
L 442.029836 -280.752181 
L 442.413447 -280.701677 
L 442.8 -280.6848 
L 443.186553 -280.701677 
L 443.570164 -280.752181 
L 443.947914 -280.835926 
L 444.316928 -280.952275 
L 444.674397 -281.100344 
L 445.0176 -281.279004 
L 445.343926 -281.486897 
L 445.650892 -281.72244 
L 445.93616 -281.98384 
L 446.19756 -282.269108 
L 446.433103 -282.576074 
L 446.640996 -282.9024 
L 450.481992 -280.6848 
L 450.839313 -281.371207 
L 451.135449 -282.086145 
L 451.368148 -282.824172 
L 451.535639 -283.579671 
L 451.636645 -284.346894 
L 451.6704 -285.12 
L 451.636645 -285.893106 
L 451.535639 -286.660329 
L 451.368148 -287.415828 
L 451.135449 -288.153855 
L 450.839313 -288.868793 
L 450.481992 -289.5552 
L 450.066206 -290.207852 
L 449.595121 -290.821783 
L 449.07232 -291.39232 
L 448.501783 -291.915121 
L 447.887852 -292.386206 
L 447.2352 -292.801992 
L 446.548793 -293.159313 
L 445.833855 -293.455449 
L 445.095828 -293.688148 
L 444.340329 -293.855639 
L 443.573106 -293.956645 
L 442.8 -293.9904 
L 442.8 -293.9904 
L 442.8 -293.9904 
L 443.573106 -293.956645 
L 444.340329 -293.855639 
L 445.095828 -293.688148 
L 445.833855 -293.455449 
L 446.548793 -293.159313 
L 447.2352 -292.801992 
L 447.887852 -292.386206 
L 448.501783 -291.915121 
L 449.07232 -291.39232 
L 449.595121 -290.821783 
L 450.066206 -290.207852 
L 450.481992 -289.5552 
L 450.839313 -288.868793 
L 451.135449 -288.153855 
L 451.368148 -287.415828 
L 451.535639 -286.660329 
L 451.636645 -285.893106 
L 451.6704 -285.12 
L 451.636645 -284.346894 
L 451.535639 -283.579671 
L 451.368148 -282.824172 
L 451.135449 -282.086145 
L 450.839313 -281.371207 
L 450.481992 -280.6848 
L 446.640996 -282.9024 
L 446.433103 -282.576074 
L 446.19756 -282.269108 
L 445.93616 -281.98384 
L 445.650892 -281.72244 
L 445.343926 -281.486897 
L 445.0176 -281.279004 
L 444.674397 -281.100344 
L 444.316928 -280.952275 
L 443.947914 -280.835926 
L 443.570164 -280.752181 
L 443.186553 -280.701677 
L 442.8 -280.6848 
L 442.413447 -280.701677 
L 442.029836 -280.752181 
L 441.652086 -280.835926 
L 441.283072 -280.952275 
L 440.925603 -281.100344 
L 440.5824 -281.279004 
L 440.256074 -281.486897 
L 439.949108 -281.72244 
L 439.66384 -281.98384 
L 439.40244 -282.269108 
L 439.166897 -282.576074 
L 438.959004 -282.9024 
L 360.218589 -237.4416 
L 356.37739 -244.820475 
L 353.193919 -252.506054 
L 350.692404 -260.439844 
L 348.891884 -268.561465 
L 347.806061 -276.809107 
L 347.4432 -285.12 
L 347.806061 -293.430893 
L 348.891884 -301.678535 
L 350.692404 -309.800156 
L 353.193919 -317.733946 
L 356.37739 -325.419525 
L 360.218589 -332.7984 
L 364.688282 -339.814414 
L 369.752453 -346.41417 
L 375.37256 -352.54744 
L 381.50583 -358.167547 
L 388.105586 -363.231718 
L 395.1216 -367.701411 
L 402.500475 -371.54261 
L 410.186054 -374.726081 
L 418.119844 -377.227596 
L 426.241465 -379.028116 
L 434.489107 -380.113939 
L 442.8 -380.4768 
z
" style="stroke: #c1ceeb"/>
    </defs>
    <g clip-path="url(#pd07b5259eb)">
     <use xlink:href="#m97ce875bad" x="0" y="576" style="fill: #c1ceeb; stroke: #c1ceeb"/>
    </g>
   </g>
   <g id="PolyCollection_8">
    <defs>
     <path id="md129d23008" d="M 442.8 -506.88 
L 442.8 -380.4768 
L 434.489107 -380.113939 
L 426.241465 -379.028116 
L 418.119844 -377.227596 
L 410.186054 -374.726081 
L 402.500475 -371.54261 
L 395.1216 -367.701411 
L 388.105586 -363.231718 
L 381.50583 -358.167547 
L 375.37256 -352.54744 
L 369.752453 -346.41417 
L 364.688282 -339.814414 
L 360.218589 -332.7984 
L 356.37739 -325.419525 
L 353.193919 -317.733946 
L 350.692404 -309.800156 
L 348.891884 -301.678535 
L 347.806061 -293.430893 
L 347.4432 -285.12 
L 347.806061 -276.809107 
L 348.891884 -268.561465 
L 350.692404 -260.439844 
L 353.193919 -252.506054 
L 356.37739 -244.820475 
L 360.218589 -237.4416 
L 438.959004 -282.9024 
L 439.166897 -282.576074 
L 439.40244 -282.269108 
L 439.66384 -281.98384 
L 439.949108 -281.72244 
L 440.256074 -281.486897 
L 440.5824 -281.279004 
L 440.925603 -281.100344 
L 441.283072 -280.952275 
L 441.652086 -280.835926 
L 442.029836 -280.752181 
L 442.413447 -280.701677 
L 442.8 -280.6848 
L 443.186553 -280.701677 
L 443.570164 -280.752181 
L 443.947914 -280.835926 
L 444.316928 -280.952275 
L 444.674397 -281.100344 
L 445.0176 -281.279004 
L 445.343926 -281.486897 
L 445.650892 -281.72244 
L 445.93616 -281.98384 
L 446.19756 -282.269108 
L 446.433103 -282.576074 
L 446.640996 -282.9024 
L 450.481992 -280.6848 
L 450.839313 -281.371207 
L 451.135449 -282.086145 
L 451.368148 -282.824172 
L 451.535639 -283.579671 
L 451.636645 -284.346894 
L 451.6704 -285.12 
L 451.636645 -285.893106 
L 451.535639 -286.660329 
L 451.368148 -287.415828 
L 451.135449 -288.153855 
L 450.839313 -288.868793 
L 450.481992 -289.5552 
L 450.066206 -290.207852 
L 449.595121 -290.821783 
L 449.07232 -291.39232 
L 448.501783 -291.915121 
L 447.887852 -292.386206 
L 447.2352 -292.801992 
L 446.548793 -293.159313 
L 445.833855 -293.455449 
L 445.095828 -293.688148 
L 444.340329 -293.855639 
L 443.573106 -293.956645 
L 442.8 -293.9904 
L 442.8 -466.9632 
L 442.8 -466.9632 
L 458.648679 -466.271232 
L 474.37674 -464.200593 
L 489.864483 -460.767043 
L 504.994037 -455.996713 
L 519.650257 -449.925908 
L 533.7216 -442.600831 
L 547.100975 -434.077229 
L 559.686556 -424.419973 
L 571.38256 -413.70256 
L 582.099973 -402.006556 
L 591.757229 -389.420975 
L 600.280831 -376.0416 
L 607.605908 -361.970257 
L 613.676713 -347.314037 
L 618.447043 -332.184483 
L 621.880593 -316.69674 
L 623.951232 -300.968679 
L 624.6432 -285.12 
L 623.951232 -269.271321 
L 621.880593 -253.54326 
L 618.447043 -238.055517 
L 613.676713 -222.925963 
L 607.605908 -208.269743 
L 600.280831 -194.1984 
L 521.540415 -239.6592 
L 517.278615 -232.969513 
L 512.449986 -226.676722 
L 507.09128 -220.82872 
L 501.243278 -215.470014 
L 494.950487 -210.641385 
L 488.2608 -206.379585 
L 481.225129 -202.717046 
L 473.897019 -199.681643 
L 466.332242 -197.296478 
L 458.58837 -195.579703 
L 450.72434 -194.544384 
L 442.8 -194.1984 
L 434.87566 -194.544384 
L 427.01163 -195.579703 
L 419.267758 -197.296478 
L 411.702981 -199.681643 
L 404.374871 -202.717046 
L 397.3392 -206.379585 
L 390.649513 -210.641385 
L 384.356722 -215.470014 
L 378.50872 -220.82872 
L 373.150014 -226.676722 
L 368.321385 -232.969513 
L 364.059585 -239.6592 
L 250.750206 -174.24 
L 241.817185 -191.400174 
L 234.413764 -209.273613 
L 228.596289 -227.724289 
L 224.409033 -246.61178 
L 221.883864 -265.792342 
L 221.04 -285.12 
L 221.883864 -304.447658 
L 224.409033 -323.62822 
L 228.596289 -342.515711 
L 234.413764 -360.966387 
L 241.817185 -378.839826 
L 250.750206 -396 
L 261.144843 -412.316311 
L 272.921984 -427.66458 
L 285.992 -441.928 
L 300.25542 -454.998016 
L 315.603689 -466.775157 
L 331.92 -477.169794 
L 349.080174 -486.102815 
L 366.953613 -493.506236 
L 385.404289 -499.323711 
L 404.29178 -503.510967 
L 423.472342 -506.036136 
L 442.8 -506.88 
z
" style="stroke: #fce4c5"/>
    </defs>
    <g clip-path="url(#pd07b5259eb)">
     <use xlink:href="#md129d23008" x="0" y="576" style="fill: #fce4c5; stroke: #fce4c5"/>
    </g>
   </g>
   <g id="matplotlib.axis_1">
    <g id="xtick_1">
     <g id="line2d_1">
      <path d="M 442.8 290.88 
L 442.8 69.12 
" clip-path="url(#pd07b5259eb)" style="fill: none; stroke: #b0b0b0; stroke-width: 0.8; stroke-linecap: square"/>
     </g>
    </g>
    <g id="xtick_2">
     <g id="line2d_2">
      <path d="M 442.8 290.88 
L 250.750206 401.76 
" clip-path="url(#pd07b5259eb)" style="fill: none; stroke: #b0b0b0; stroke-width: 0.8; stroke-linecap: square"/>
     </g>
    </g>
    <g id="xtick_3">
     <g id="line2d_3">
      <path d="M 442.8 290.88 
L 634.849794 401.76 
" clip-path="url(#pd07b5259eb)" style="fill: none; stroke: #b0b0b0; stroke-width: 0.8; stroke-linecap: square"/>
     </g>
    </g>
   </g>
   <g id="matplotlib.axis_2"/>
   <g id="patch_3">
    <path d="M 442.8 69.12 
C 413.678744 69.12 384.840655 74.856253 357.936122 86.000475 
C 331.031589 97.144697 306.583838 113.480162 285.992 134.072 
C 265.400162 154.663838 249.064697 179.111589 237.920475 206.016122 
C 226.776253 232.920655 221.04 261.758744 221.04 290.88 
C 221.04 320.001256 226.776253 348.839345 237.920475 375.743878 
C 249.064697 402.648411 265.400162 427.096162 285.992 447.688 
C 306.583838 468.279838 331.031589 484.615303 357.936122 495.759525 
C 384.840655 506.903747 413.678744 512.64 442.8 512.64 
C 471.921256 512.64 500.759345 506.903747 527.663878 495.759525 
C 554.568411 484.615303 579.016162 468.279838 599.608 447.688 
C 620.199838 427.096162 636.535303 402.648411 647.679525 375.743878 
C 658.823747 348.839345 664.56 320.001256 664.56 290.88 
C 664.56 261.758744 658.823747 232.920655 647.679525 206.016122 
C 636.535303 179.111589 620.199838 154.663838 599.608 134.072 
C 579.016162 113.480162 554.568411 97.144697 527.663878 86.000475 
C 500.759345 74.856253 471.921256 69.12 442.8 69.12 
" style="fill: none; stroke: #000000; stroke-width: 0.8; stroke-linejoin: miter; stroke-linecap: square"/>
   </g>
  </g>
 </g>
 <defs>
  <clipPath id="pd07b5259eb">
   <path d="M 664.56 290.88 
C 664.56 261.758744 658.823747 232.920655 647.679525 206.016122 
C 636.535303 179.111589 620.199838 154.663838 599.608 134.072 
C 579.016162 113.480162 554.568411 97.144697 527.663878 86.000475 
C 500.759345 74.856253 471.921256 69.12 442.8 69.12 
C 413.678744 69.12 384.840655 74.856253 357.936122 86.000475 
C 331.031589 97.144697 306.583838 113.480162 285.992 134.072 
C 265.400162 154.663838 249.064697 179.111589 237.920475 206.016122 
C 226.776253 232.920655 221.04 261.758744 221.04 290.88 
C 221.04 320.001256 226.776253 348.839345 237.920475 375.743878 
C 249.064697 402.648411 265.400162 427.096162 285.992 447.688 
C 306.583838 468.279838 331.031589 484.615303 357.936122 495.759525 
C 384.840655 506.903747 413.678744 512.64 442.8 512.64 
C 471.921256 512.64 500.759345 506.903747 527.663878 495.759525 
C 554.568411 484.615303 579.016162 468.279838 599.608 447.688 
C 620.199838 427.096162 636.535303 402.648411 647.679525 375.743878 
C 658.823747 348.839345 664.56 320.001256 664.56 290.88 
M 442.8 290.88 
C 442.8 290.88 442.8 290.88 442.8 290.88 
C 442.8 290.88 442.8 290.88 442.8 290.88 
C 442.8 290.88 442.8 290.88 442.8 290.88 
C 442.8 290.88 442.8 290.88 442.8 290.88 
C 442.8 290.88 442.8 290.88 442.8 290.88 
C 442.8 290.88 442.8 290.88 442.8 290.88 
C 442.8 290.88 442.8 290.88 442.8 290.88 
C 442.8 290.88 442.8 290.88 442.8 290.88 
C 442.8 290.88 442.8 290.88 442.8 290.88 
C 442.8 290.88 442.8 290.88 442.8 290.88 
C 442.8 290.88 442.8 290.88 442.8 290.88 
C 442.8 290.88 442.8 290.88 442.8 290.88 
C 442.8 290.88 442.8 290.88 442.8 290.88 
C 442.8 290.88 442.8 290.88 442.8 290.88 
C 442.8 290.88 442.8 290.88 442.8 290.88 
C 442.8 290.88 442.8 290.88 442.8 290.88 
z
"/>
  </clipPath>
 </defs>
</svg>
