<?xml version="1.0" encoding="utf-8" standalone="no"?>
<!DOCTYPE svg PUBLIC "-//W3C//DTD SVG 1.1//EN"
  "http://www.w3.org/Graphics/SVG/1.1/DTD/svg11.dtd">
<!-- Created with matplotlib (https://matplotlib.org/) -->
<svg height="576pt" version="1.1" viewBox="0 0 864 576" width="864pt" xmlns="http://www.w3.org/2000/svg" xmlns:xlink="http://www.w3.org/1999/xlink">
 <metadata>
  <rdf:RDF xmlns:cc="http://creativecommons.org/ns#" xmlns:dc="http://purl.org/dc/elements/1.1/" xmlns:rdf="http://www.w3.org/1999/02/22-rdf-syntax-ns#">
   <cc:Work>
    <dc:type rdf:resource="http://purl.org/dc/dcmitype/StillImage"/>
    <dc:date>2023-07-18T22:01:48.454106</dc:date>
    <dc:format>image/svg+xml</dc:format>
    <dc:creator>
     <cc:Agent>
      <dc:title>Matplotlib v3.3.4, https://matplotlib.org/</dc:title>
     </cc:Agent>
    </dc:creator>
   </cc:Work>
  </rdf:RDF>
 </metadata>
 <defs>
  <style type="text/css">*{stroke-linecap:butt;stroke-linejoin:round;}</style>
 </defs>
 <g id="figure_1">
  <g id="patch_1">
   <path d="M 0 576 
L 864 576 
L 864 0 
L 0 0 
z
" style="fill:none;"/>
  </g>
  <g id="axes_1">
   <g id="patch_2">
    <path d="M 660.24 286.56 
C 660.24 258.006041 654.615493 229.729733 643.688366 203.349314 
C 632.761238 176.968896 616.743997 152.9974 596.553299 132.806701 
C 576.3626 112.616003 552.391104 96.598762 526.010686 85.671634 
C 499.630267 74.744507 471.353959 69.12 442.8 69.12 
C 414.246041 69.12 385.969733 74.744507 359.589314 85.671634 
C 333.208896 96.598762 309.2374 112.616003 289.046701 132.806701 
C 268.856003 152.9974 252.838762 176.968896 241.911634 203.349314 
C 230.984507 229.729733 225.36 258.006041 225.36 286.56 
C 225.36 315.113959 230.984507 343.390267 241.911634 369.770686 
C 252.838762 396.151104 268.856003 420.1226 289.046701 440.313299 
C 309.2374 460.503997 333.208896 476.521238 359.589314 487.448366 
C 385.969733 498.375493 414.246041 504 442.8 504 
C 471.353959 504 499.630267 498.375493 526.010686 487.448366 
C 552.391104 476.521238 576.3626 460.503997 596.553299 440.313299 
C 616.743997 420.1226 632.761238 396.151104 643.688366 369.770686 
C 654.615493 343.390267 660.24 315.113959 660.24 286.56 
M 442.8 286.56 
C 442.8 286.56 442.8 286.56 442.8 286.56 
C 442.8 286.56 442.8 286.56 442.8 286.56 
C 442.8 286.56 442.8 286.56 442.8 286.56 
C 442.8 286.56 442.8 286.56 442.8 286.56 
C 442.8 286.56 442.8 286.56 442.8 286.56 
C 442.8 286.56 442.8 286.56 442.8 286.56 
C 442.8 286.56 442.8 286.56 442.8 286.56 
C 442.8 286.56 442.8 286.56 442.8 286.56 
C 442.8 286.56 442.8 286.56 442.8 286.56 
C 442.8 286.56 442.8 286.56 442.8 286.56 
C 442.8 286.56 442.8 286.56 442.8 286.56 
C 442.8 286.56 442.8 286.56 442.8 286.56 
C 442.8 286.56 442.8 286.56 442.8 286.56 
C 442.8 286.56 442.8 286.56 442.8 286.56 
C 442.8 286.56 442.8 286.56 442.8 286.56 
C 442.8 286.56 442.8 286.56 442.8 286.56 
M 660.24 286.56 
z
" style="fill:#ffffff;"/>
   </g>
   <g id="PolyCollection_1">
    <defs>
     <path d="M 442.8 -289.44 
L 442.8 -289.44 
L 442.8 -289.44 
L 442.8 -289.44 
L 442.8 -289.44 
L 442.8 -289.44 
L 442.8 -289.44 
L 442.8 -289.44 
L 442.8 -289.44 
L 442.8 -289.44 
L 442.8 -289.44 
L 442.8 -289.44 
L 442.8 -289.44 
L 442.8 -289.44 
L 442.8 -289.44 
L 442.8 -289.44 
L 442.8 -289.44 
L 442.8 -289.44 
L 442.8 -289.44 
L 442.8 -289.44 
L 442.8 -289.44 
L 442.8 -289.44 
L 442.8 -289.44 
L 442.8 -289.44 
L 442.8 -289.44 
L 442.8 -289.44 
L 442.8 -289.44 
L 442.8 -289.44 
L 442.8 -289.44 
L 442.8 -289.44 
L 442.8 -289.44 
L 442.8 -289.44 
L 442.8 -289.44 
L 442.8 -289.44 
L 442.8 -289.44 
L 442.8 -289.44 
L 442.8 -289.44 
L 442.8 -289.44 
L 442.8 -289.44 
L 442.8 -289.44 
L 442.8 -289.44 
L 442.8 -289.44 
L 442.8 -289.44 
L 442.8 -289.44 
L 442.8 -289.44 
L 442.8 -289.44 
L 442.8 -289.44 
L 442.8 -289.44 
L 442.8 -289.44 
L 442.8 -289.44 
L 442.8 -289.44 
L 442.8 -289.44 
L 442.8 -289.44 
L 442.8 -289.44 
L 442.8 -289.44 
L 442.8 -289.44 
L 442.8 -289.44 
L 442.8 -289.44 
L 442.8 -289.44 
L 442.8 -289.44 
L 442.8 -289.44 
L 442.8 -289.44 
L 442.8 -289.44 
L 442.8 -289.44 
L 442.8 -289.44 
L 442.8 -289.44 
L 442.8 -289.44 
L 442.8 -289.44 
L 442.8 -289.44 
L 442.8 -289.44 
L 442.8 -289.44 
L 442.8 -289.44 
L 442.8 -289.44 
L 442.8 -289.44 
L 442.8 -289.44 
L 442.8 -289.44 
L 442.8 -289.44 
L 442.8 -289.44 
L 442.8 -289.44 
L 442.8 -289.44 
L 442.8 -289.44 
L 442.8 -289.44 
L 442.8 -289.44 
L 442.8 -289.44 
L 442.8 -289.44 
L 442.8 -289.44 
L 442.8 -289.44 
L 442.8 -289.44 
L 442.8 -289.44 
L 442.8 -289.44 
L 442.8 -289.44 
L 442.8 -289.44 
L 442.8 -289.44 
L 442.8 -289.44 
L 442.8 -289.44 
L 442.8 -289.44 
L 442.8 -289.44 
L 442.8 -289.44 
L 442.8 -289.44 
L 442.8 -289.44 
L 442.8 -289.44 
L 442.8 -289.44 
L 442.8 -289.44 
L 442.8 -289.44 
L 442.8 -289.44 
L 442.8 -289.44 
L 442.8 -289.44 
L 442.8 -289.44 
L 442.8 -289.44 
L 442.8 -289.44 
L 442.8 -289.44 
L 442.8 -289.44 
L 442.8 -289.44 
L 442.8 -289.44 
L 442.8 -289.44 
L 442.8 -289.44 
L 442.8 -289.44 
L 442.8 -289.44 
L 442.8 -289.44 
L 442.8 -289.44 
L 442.8 -289.44 
L 442.8 -289.44 
L 442.8 -289.44 
L 442.8 -289.44 
L 442.8 -289.44 
L 442.8 -289.44 
L 442.8 -289.44 
L 442.8 -289.44 
L 442.8 -289.44 
L 442.8 -289.44 
L 442.8 -289.44 
L 442.8 -289.44 
L 442.8 -289.44 
L 442.8 -289.44 
L 442.8 -289.44 
L 442.8 -289.44 
L 442.8 -289.44 
L 442.8 -289.44 
L 442.8 -289.44 
L 442.8 -289.44 
L 442.8 -289.44 
L 442.8 -289.44 
L 442.8 -289.44 
L 442.8 -289.44 
L 442.8 -289.44 
L 442.8 -289.44 
L 442.8 -289.44 
L 442.8 -289.44 
L 442.8 -289.44 
L 442.8 -289.44 
L 442.8 -289.44 
L 442.8 -289.44 
z
" id="m2c8457d900" style="stroke:#3e0081;"/>
    </defs>
    <g clip-path="url(#p48af30c57c)">
     <use style="fill:#3e0081;stroke:#3e0081;" x="0" xlink:href="#m2c8457d900" y="576"/>
    </g>
   </g>
   <g id="PolyCollection_2">
    <defs>
     <path d="M 442.8 -289.44 
L 442.8 -289.44 
L 442.8 -289.44 
L 442.8 -289.44 
L 442.8 -289.44 
L 442.8 -289.44 
L 442.8 -289.44 
L 442.8 -289.44 
L 442.8 -289.44 
L 442.8 -289.44 
L 442.8 -289.44 
L 442.8 -289.44 
L 442.8 -289.44 
L 442.8 -289.44 
L 442.8 -289.44 
L 442.8 -289.44 
L 442.8 -289.44 
L 442.8 -289.44 
L 442.8 -289.44 
L 442.8 -289.44 
L 442.8 -289.44 
L 442.8 -289.44 
L 442.8 -289.44 
L 442.8 -289.44 
L 442.8 -289.44 
L 442.8 -289.44 
L 442.8 -289.44 
L 442.8 -289.44 
L 442.8 -289.44 
L 442.8 -289.44 
L 442.8 -289.44 
L 442.8 -289.44 
L 442.8 -289.44 
L 442.8 -289.44 
L 442.8 -289.44 
L 442.8 -289.44 
L 442.8 -289.44 
L 442.8 -289.44 
L 442.8 -289.44 
L 442.8 -289.44 
L 442.8 -289.44 
L 442.8 -289.44 
L 442.8 -289.44 
L 442.8 -289.44 
L 442.8 -289.44 
L 442.8 -289.44 
L 442.8 -289.44 
L 442.8 -289.44 
L 442.8 -289.44 
L 442.8 -289.44 
L 442.8 -289.44 
L 442.8 -289.44 
L 442.8 -289.44 
L 442.8 -289.44 
L 442.8 -289.44 
L 442.8 -289.44 
L 442.8 -289.44 
L 442.8 -289.44 
L 442.8 -289.44 
L 442.8 -289.44 
L 442.8 -289.44 
L 442.8 -289.44 
L 442.8 -289.44 
L 442.8 -289.44 
L 442.8 -289.44 
L 442.8 -289.44 
L 442.8 -289.44 
L 442.8 -289.44 
L 442.8 -289.44 
L 442.8 -289.44 
L 442.8 -289.44 
L 442.8 -289.44 
L 442.8 -289.44 
L 442.8 -289.44 
L 442.8 -289.44 
L 442.8 -289.44 
L 442.8 -291.6144 
L 442.8 -291.6144 
L 442.989511 -291.606126 
L 443.177581 -291.581366 
L 443.362776 -291.540309 
L 443.543689 -291.483268 
L 443.718941 -291.410676 
L 443.8872 -291.323086 
L 444.047185 -291.221164 
L 444.197677 -291.105687 
L 444.337533 -290.977533 
L 444.465687 -290.837677 
L 444.581164 -290.687185 
L 444.683086 -290.5272 
L 444.770676 -290.358941 
L 444.843268 -290.183689 
L 444.900309 -290.002776 
L 444.941366 -289.817581 
L 444.966126 -289.629511 
L 444.9744 -289.44 
L 444.966126 -289.250489 
L 444.941366 -289.062419 
L 444.900309 -288.877224 
L 444.843268 -288.696311 
L 444.770676 -288.521059 
L 444.683086 -288.3528 
L 442.8 -289.44 
L 442.8 -289.44 
L 442.8 -289.44 
L 442.8 -289.44 
L 442.8 -289.44 
L 442.8 -289.44 
L 442.8 -289.44 
L 442.8 -289.44 
L 442.8 -289.44 
L 442.8 -289.44 
L 442.8 -289.44 
L 442.8 -289.44 
L 442.8 -289.44 
L 442.8 -289.44 
L 442.8 -289.44 
L 442.8 -289.44 
L 442.8 -289.44 
L 442.8 -289.44 
L 442.8 -289.44 
L 442.8 -289.44 
L 442.8 -289.44 
L 442.8 -289.44 
L 442.8 -289.44 
L 442.8 -289.44 
L 442.8 -289.44 
L 442.8 -289.44 
L 442.8 -289.44 
L 442.8 -289.44 
L 442.8 -289.44 
L 442.8 -289.44 
L 442.8 -289.44 
L 442.8 -289.44 
L 442.8 -289.44 
L 442.8 -289.44 
L 442.8 -289.44 
L 442.8 -289.44 
L 442.8 -289.44 
L 442.8 -289.44 
L 442.8 -289.44 
L 442.8 -289.44 
L 442.8 -289.44 
L 442.8 -289.44 
L 442.8 -289.44 
L 442.8 -289.44 
L 442.8 -289.44 
L 442.8 -289.44 
L 442.8 -289.44 
L 442.8 -289.44 
L 442.8 -289.44 
L 442.8 -289.44 
z
" id="m32a0ecf119" style="stroke:#a447a5;"/>
    </defs>
    <g clip-path="url(#p48af30c57c)">
     <use style="fill:#a447a5;stroke:#a447a5;" x="0" xlink:href="#m32a0ecf119" y="576"/>
    </g>
   </g>
   <g id="PolyCollection_3">
    <defs>
     <path d="M 442.8 -289.44 
L 442.8 -289.44 
L 442.8 -289.44 
L 442.8 -289.44 
L 442.8 -289.44 
L 442.8 -289.44 
L 442.8 -289.44 
L 442.8 -289.44 
L 442.8 -289.44 
L 442.8 -289.44 
L 442.8 -289.44 
L 442.8 -289.44 
L 442.8 -289.44 
L 442.8 -289.44 
L 442.8 -289.44 
L 442.8 -289.44 
L 442.8 -289.44 
L 442.8 -289.44 
L 442.8 -289.44 
L 442.8 -289.44 
L 442.8 -289.44 
L 442.8 -289.44 
L 442.8 -289.44 
L 442.8 -289.44 
L 442.8 -289.44 
L 442.8 -289.44 
L 442.8 -289.44 
L 442.8 -289.44 
L 442.8 -289.44 
L 442.8 -289.44 
L 442.8 -289.44 
L 442.8 -289.44 
L 442.8 -289.44 
L 442.8 -289.44 
L 442.8 -289.44 
L 442.8 -289.44 
L 442.8 -289.44 
L 442.8 -289.44 
L 442.8 -289.44 
L 442.8 -289.44 
L 442.8 -289.44 
L 442.8 -289.44 
L 442.8 -289.44 
L 442.8 -289.44 
L 442.8 -289.44 
L 442.8 -289.44 
L 442.8 -289.44 
L 442.8 -289.44 
L 442.8 -289.44 
L 442.8 -289.44 
L 442.8 -289.44 
L 444.683086 -288.3528 
L 444.770676 -288.521059 
L 444.843268 -288.696311 
L 444.900309 -288.877224 
L 444.941366 -289.062419 
L 444.966126 -289.250489 
L 444.9744 -289.44 
L 444.966126 -289.629511 
L 444.941366 -289.817581 
L 444.900309 -290.002776 
L 444.843268 -290.183689 
L 444.770676 -290.358941 
L 444.683086 -290.5272 
L 444.581164 -290.687185 
L 444.465687 -290.837677 
L 444.337533 -290.977533 
L 444.197677 -291.105687 
L 444.047185 -291.221164 
L 443.8872 -291.323086 
L 443.718941 -291.410676 
L 443.543689 -291.483268 
L 443.362776 -291.540309 
L 443.177581 -291.581366 
L 442.989511 -291.606126 
L 442.8 -291.6144 
L 442.8 -291.6144 
L 442.8 -291.6144 
L 442.989511 -291.606126 
L 443.177581 -291.581366 
L 443.362776 -291.540309 
L 443.543689 -291.483268 
L 443.718941 -291.410676 
L 443.8872 -291.323086 
L 444.047185 -291.221164 
L 444.197677 -291.105687 
L 444.337533 -290.977533 
L 444.465687 -290.837677 
L 444.581164 -290.687185 
L 444.683086 -290.5272 
L 444.770676 -290.358941 
L 444.843268 -290.183689 
L 444.900309 -290.002776 
L 444.941366 -289.817581 
L 444.966126 -289.629511 
L 444.9744 -289.44 
L 444.966126 -289.250489 
L 444.941366 -289.062419 
L 444.900309 -288.877224 
L 444.843268 -288.696311 
L 444.770676 -288.521059 
L 444.683086 -288.3528 
L 442.8 -289.44 
L 442.8 -289.44 
L 442.8 -289.44 
L 442.8 -289.44 
L 442.8 -289.44 
L 442.8 -289.44 
L 442.8 -289.44 
L 442.8 -289.44 
L 442.8 -289.44 
L 442.8 -289.44 
L 442.8 -289.44 
L 442.8 -289.44 
L 442.8 -289.44 
L 442.8 -289.44 
L 442.8 -289.44 
L 442.8 -289.44 
L 442.8 -289.44 
L 442.8 -289.44 
L 442.8 -289.44 
L 442.8 -289.44 
L 442.8 -289.44 
L 442.8 -289.44 
L 442.8 -289.44 
L 442.8 -289.44 
L 442.8 -289.44 
L 442.8 -289.44 
L 442.8 -289.44 
L 442.8 -289.44 
L 442.8 -289.44 
L 442.8 -289.44 
L 442.8 -289.44 
L 442.8 -289.44 
L 442.8 -289.44 
L 442.8 -289.44 
L 442.8 -289.44 
L 442.8 -289.44 
L 442.8 -289.44 
L 442.8 -289.44 
L 442.8 -289.44 
L 442.8 -289.44 
L 442.8 -289.44 
L 442.8 -289.44 
L 442.8 -289.44 
L 442.8 -289.44 
L 442.8 -289.44 
L 442.8 -289.44 
L 442.8 -289.44 
L 442.8 -289.44 
L 442.8 -289.44 
L 442.8 -289.44 
z
" id="m24d6ff6a0a" style="stroke:#6586cd;"/>
    </defs>
    <g clip-path="url(#p48af30c57c)">
     <use style="fill:#6586cd;stroke:#6586cd;" x="0" xlink:href="#m24d6ff6a0a" y="576"/>
    </g>
   </g>
   <g id="PolyCollection_4">
    <defs>
     <path d="M 442.8 -382.9392 
L 442.8 -289.44 
L 442.8 -289.44 
L 442.8 -289.44 
L 442.8 -289.44 
L 442.8 -289.44 
L 442.8 -289.44 
L 442.8 -289.44 
L 442.8 -289.44 
L 442.8 -289.44 
L 442.8 -289.44 
L 442.8 -289.44 
L 442.8 -289.44 
L 442.8 -289.44 
L 442.8 -289.44 
L 442.8 -289.44 
L 442.8 -289.44 
L 442.8 -289.44 
L 442.8 -289.44 
L 442.8 -289.44 
L 442.8 -289.44 
L 442.8 -289.44 
L 442.8 -289.44 
L 442.8 -289.44 
L 442.8 -289.44 
L 442.8 -289.44 
L 442.8 -289.44 
L 442.8 -289.44 
L 442.8 -289.44 
L 442.8 -289.44 
L 442.8 -289.44 
L 442.8 -289.44 
L 442.8 -289.44 
L 442.8 -289.44 
L 442.8 -289.44 
L 442.8 -289.44 
L 442.8 -289.44 
L 442.8 -289.44 
L 442.8 -289.44 
L 442.8 -289.44 
L 442.8 -289.44 
L 442.8 -289.44 
L 442.8 -289.44 
L 442.8 -289.44 
L 442.8 -289.44 
L 442.8 -289.44 
L 442.8 -289.44 
L 442.8 -289.44 
L 442.8 -289.44 
L 442.8 -289.44 
L 442.8 -289.44 
L 444.683086 -288.3528 
L 444.770676 -288.521059 
L 444.843268 -288.696311 
L 444.900309 -288.877224 
L 444.941366 -289.062419 
L 444.966126 -289.250489 
L 444.9744 -289.44 
L 444.966126 -289.629511 
L 444.941366 -289.817581 
L 444.900309 -290.002776 
L 444.843268 -290.183689 
L 444.770676 -290.358941 
L 444.683086 -290.5272 
L 444.581164 -290.687185 
L 444.465687 -290.837677 
L 444.337533 -290.977533 
L 444.197677 -291.105687 
L 444.047185 -291.221164 
L 443.8872 -291.323086 
L 443.718941 -291.410676 
L 443.543689 -291.483268 
L 443.362776 -291.540309 
L 443.177581 -291.581366 
L 442.989511 -291.606126 
L 442.8 -291.6144 
L 442.8 -293.7888 
L 442.8 -293.7888 
L 443.179023 -293.772252 
L 443.555161 -293.722732 
L 443.925552 -293.640618 
L 444.287377 -293.526535 
L 444.637882 -293.381351 
L 444.9744 -293.206171 
L 445.294369 -293.002328 
L 445.595355 -292.771374 
L 445.875066 -292.515066 
L 446.131374 -292.235355 
L 446.362328 -291.934369 
L 446.566171 -291.6144 
L 446.741351 -291.277882 
L 446.886535 -290.927377 
L 447.000618 -290.565552 
L 447.082732 -290.195161 
L 447.132252 -289.819023 
L 447.1488 -289.44 
L 447.132252 -289.060977 
L 447.082732 -288.684839 
L 447.000618 -288.314448 
L 446.886535 -287.952623 
L 446.741351 -287.602118 
L 446.566171 -287.2656 
L 446.566171 -287.2656 
L 446.362328 -286.945631 
L 446.131374 -286.644645 
L 445.875066 -286.364934 
L 445.595355 -286.108626 
L 445.294369 -285.877672 
L 444.9744 -285.673829 
L 444.637882 -285.498649 
L 444.287377 -285.353465 
L 443.925552 -285.239382 
L 443.555161 -285.157268 
L 443.179023 -285.107748 
L 442.8 -285.0912 
L 442.420977 -285.107748 
L 442.044839 -285.157268 
L 441.674448 -285.239382 
L 441.312623 -285.353465 
L 440.962118 -285.498649 
L 440.6256 -285.673829 
L 440.305631 -285.877672 
L 440.004645 -286.108626 
L 439.724934 -286.364934 
L 439.468626 -286.644645 
L 439.237672 -286.945631 
L 439.033829 -287.2656 
L 361.827318 -242.6904 
L 358.060947 -249.925531 
L 354.939492 -257.46139 
L 352.486708 -265.240626 
L 350.721263 -273.204034 
L 349.656593 -281.291008 
L 349.3008 -289.44 
L 349.656593 -297.588992 
L 350.721263 -305.675966 
L 352.486708 -313.639374 
L 354.939492 -321.41861 
L 358.060947 -328.954469 
L 361.827318 -336.1896 
L 366.209939 -343.068938 
L 371.175457 -349.540127 
L 376.686082 -355.553918 
L 382.699873 -361.064543 
L 389.171062 -366.030061 
L 396.0504 -370.412682 
L 403.285531 -374.179053 
L 410.82139 -377.300508 
L 418.600626 -379.753292 
L 426.564034 -381.518737 
L 434.651008 -382.583407 
L 442.8 -382.9392 
z
" id="mcff8b2a6dd" style="stroke:#fcaf58;"/>
    </defs>
    <g clip-path="url(#p48af30c57c)">
     <use style="fill:#fcaf58;stroke:#fcaf58;" x="0" xlink:href="#mcff8b2a6dd" y="576"/>
    </g>
   </g>
   <g id="PolyCollection_5">
    <defs>
     <path d="M 442.8 -382.9392 
L 442.8 -382.9392 
L 434.651008 -382.583407 
L 426.564034 -381.518737 
L 418.600626 -379.753292 
L 410.82139 -377.300508 
L 403.285531 -374.179053 
L 396.0504 -370.412682 
L 389.171062 -366.030061 
L 382.699873 -361.064543 
L 376.686082 -355.553918 
L 371.175457 -349.540127 
L 366.209939 -343.068938 
L 361.827318 -336.1896 
L 358.060947 -328.954469 
L 354.939492 -321.41861 
L 352.486708 -313.639374 
L 350.721263 -305.675966 
L 349.656593 -297.588992 
L 349.3008 -289.44 
L 349.656593 -281.291008 
L 350.721263 -273.204034 
L 352.486708 -265.240626 
L 354.939492 -257.46139 
L 358.060947 -249.925531 
L 361.827318 -242.6904 
L 439.033829 -287.2656 
L 439.237672 -286.945631 
L 439.468626 -286.644645 
L 439.724934 -286.364934 
L 440.004645 -286.108626 
L 440.305631 -285.877672 
L 440.6256 -285.673829 
L 440.962118 -285.498649 
L 441.312623 -285.353465 
L 441.674448 -285.239382 
L 442.044839 -285.157268 
L 442.420977 -285.107748 
L 442.8 -285.0912 
L 443.179023 -285.107748 
L 443.555161 -285.157268 
L 443.925552 -285.239382 
L 444.287377 -285.353465 
L 444.637882 -285.498649 
L 444.9744 -285.673829 
L 445.294369 -285.877672 
L 445.595355 -286.108626 
L 445.875066 -286.364934 
L 446.131374 -286.644645 
L 446.362328 -286.945631 
L 446.566171 -287.2656 
L 446.566171 -287.2656 
L 446.741351 -287.602118 
L 446.886535 -287.952623 
L 447.000618 -288.314448 
L 447.082732 -288.684839 
L 447.132252 -289.060977 
L 447.1488 -289.44 
L 447.132252 -289.819023 
L 447.082732 -290.195161 
L 447.000618 -290.565552 
L 446.886535 -290.927377 
L 446.741351 -291.277882 
L 446.566171 -291.6144 
L 446.362328 -291.934369 
L 446.131374 -292.235355 
L 445.875066 -292.515066 
L 445.595355 -292.771374 
L 445.294369 -293.002328 
L 444.9744 -293.206171 
L 444.637882 -293.381351 
L 444.287377 -293.526535 
L 443.925552 -293.640618 
L 443.555161 -293.722732 
L 443.179023 -293.772252 
L 442.8 -293.7888 
L 442.8 -293.7888 
L 442.8 -293.7888 
L 443.179023 -293.772252 
L 443.555161 -293.722732 
L 443.925552 -293.640618 
L 444.287377 -293.526535 
L 444.637882 -293.381351 
L 444.9744 -293.206171 
L 445.294369 -293.002328 
L 445.595355 -292.771374 
L 445.875066 -292.515066 
L 446.131374 -292.235355 
L 446.362328 -291.934369 
L 446.566171 -291.6144 
L 446.741351 -291.277882 
L 446.886535 -290.927377 
L 447.000618 -290.565552 
L 447.082732 -290.195161 
L 447.132252 -289.819023 
L 447.1488 -289.44 
L 447.132252 -289.060977 
L 447.082732 -288.684839 
L 447.000618 -288.314448 
L 446.886535 -287.952623 
L 446.741351 -287.602118 
L 446.566171 -287.2656 
L 446.566171 -287.2656 
L 446.362328 -286.945631 
L 446.131374 -286.644645 
L 445.875066 -286.364934 
L 445.595355 -286.108626 
L 445.294369 -285.877672 
L 444.9744 -285.673829 
L 444.637882 -285.498649 
L 444.287377 -285.353465 
L 443.925552 -285.239382 
L 443.555161 -285.157268 
L 443.179023 -285.107748 
L 442.8 -285.0912 
L 442.420977 -285.107748 
L 442.044839 -285.157268 
L 441.674448 -285.239382 
L 441.312623 -285.353465 
L 440.962118 -285.498649 
L 440.6256 -285.673829 
L 440.305631 -285.877672 
L 440.004645 -286.108626 
L 439.724934 -286.364934 
L 439.468626 -286.644645 
L 439.237672 -286.945631 
L 439.033829 -287.2656 
L 361.827318 -242.6904 
L 358.060947 -249.925531 
L 354.939492 -257.46139 
L 352.486708 -265.240626 
L 350.721263 -273.204034 
L 349.656593 -281.291008 
L 349.3008 -289.44 
L 349.656593 -297.588992 
L 350.721263 -305.675966 
L 352.486708 -313.639374 
L 354.939492 -321.41861 
L 358.060947 -328.954469 
L 361.827318 -336.1896 
L 366.209939 -343.068938 
L 371.175457 -349.540127 
L 376.686082 -355.553918 
L 382.699873 -361.064543 
L 389.171062 -366.030061 
L 396.0504 -370.412682 
L 403.285531 -374.179053 
L 410.82139 -377.300508 
L 418.600626 -379.753292 
L 426.564034 -381.518737 
L 434.651008 -382.583407 
L 442.8 -382.9392 
z
" id="m440c8f6430" style="stroke:#857bbe;"/>
    </defs>
    <g clip-path="url(#p48af30c57c)">
     <use style="fill:#857bbe;stroke:#857bbe;" x="0" xlink:href="#m440c8f6430" y="576"/>
    </g>
   </g>
   <g id="PolyCollection_6">
    <defs>
     <path d="M 442.8 -382.9392 
L 442.8 -382.9392 
L 434.651008 -382.583407 
L 426.564034 -381.518737 
L 418.600626 -379.753292 
L 410.82139 -377.300508 
L 403.285531 -374.179053 
L 396.0504 -370.412682 
L 389.171062 -366.030061 
L 382.699873 -361.064543 
L 376.686082 -355.553918 
L 371.175457 -349.540127 
L 366.209939 -343.068938 
L 361.827318 -336.1896 
L 358.060947 -328.954469 
L 354.939492 -321.41861 
L 352.486708 -313.639374 
L 350.721263 -305.675966 
L 349.656593 -297.588992 
L 349.3008 -289.44 
L 349.656593 -281.291008 
L 350.721263 -273.204034 
L 352.486708 -265.240626 
L 354.939492 -257.46139 
L 358.060947 -249.925531 
L 361.827318 -242.6904 
L 439.033829 -287.2656 
L 439.237672 -286.945631 
L 439.468626 -286.644645 
L 439.724934 -286.364934 
L 440.004645 -286.108626 
L 440.305631 -285.877672 
L 440.6256 -285.673829 
L 440.962118 -285.498649 
L 441.312623 -285.353465 
L 441.674448 -285.239382 
L 442.044839 -285.157268 
L 442.420977 -285.107748 
L 442.8 -285.0912 
L 443.179023 -285.107748 
L 443.555161 -285.157268 
L 443.925552 -285.239382 
L 444.287377 -285.353465 
L 444.637882 -285.498649 
L 444.9744 -285.673829 
L 445.294369 -285.877672 
L 445.595355 -286.108626 
L 445.875066 -286.364934 
L 446.131374 -286.644645 
L 446.362328 -286.945631 
L 446.566171 -287.2656 
L 446.566171 -287.2656 
L 446.741351 -287.602118 
L 446.886535 -287.952623 
L 447.000618 -288.314448 
L 447.082732 -288.684839 
L 447.132252 -289.060977 
L 447.1488 -289.44 
L 447.132252 -289.819023 
L 447.082732 -290.195161 
L 447.000618 -290.565552 
L 446.886535 -290.927377 
L 446.741351 -291.277882 
L 446.566171 -291.6144 
L 446.362328 -291.934369 
L 446.131374 -292.235355 
L 445.875066 -292.515066 
L 445.595355 -292.771374 
L 445.294369 -293.002328 
L 444.9744 -293.206171 
L 444.637882 -293.381351 
L 444.287377 -293.526535 
L 443.925552 -293.640618 
L 443.555161 -293.722732 
L 443.179023 -293.772252 
L 442.8 -293.7888 
L 442.8 -298.1376 
L 442.8 -298.1376 
L 443.558046 -298.104503 
L 444.310322 -298.005464 
L 445.051105 -297.841236 
L 445.774754 -297.613071 
L 446.475765 -297.322703 
L 447.1488 -296.972343 
L 447.788738 -296.564657 
L 448.39071 -296.102748 
L 448.950132 -295.590132 
L 449.462748 -295.03071 
L 449.924657 -294.428738 
L 450.332343 -293.7888 
L 450.682703 -293.115765 
L 450.973071 -292.414754 
L 451.201236 -291.691105 
L 451.365464 -290.950322 
L 451.464503 -290.198046 
L 451.4976 -289.44 
L 451.464503 -288.681954 
L 451.365464 -287.929678 
L 451.201236 -287.188895 
L 450.973071 -286.465246 
L 450.682703 -285.764235 
L 450.332343 -285.0912 
L 446.566171 -287.2656 
L 446.362328 -286.945631 
L 446.131374 -286.644645 
L 445.875066 -286.364934 
L 445.595355 -286.108626 
L 445.294369 -285.877672 
L 444.9744 -285.673829 
L 444.637882 -285.498649 
L 444.287377 -285.353465 
L 443.925552 -285.239382 
L 443.555161 -285.157268 
L 443.179023 -285.107748 
L 442.8 -285.0912 
L 442.420977 -285.107748 
L 442.044839 -285.157268 
L 441.674448 -285.239382 
L 441.312623 -285.353465 
L 440.962118 -285.498649 
L 440.6256 -285.673829 
L 440.305631 -285.877672 
L 440.004645 -286.108626 
L 439.724934 -286.364934 
L 439.468626 -286.644645 
L 439.237672 -286.945631 
L 439.033829 -287.2656 
L 361.827318 -242.6904 
L 358.060947 -249.925531 
L 354.939492 -257.46139 
L 352.486708 -265.240626 
L 350.721263 -273.204034 
L 349.656593 -281.291008 
L 349.3008 -289.44 
L 349.656593 -297.588992 
L 350.721263 -305.675966 
L 352.486708 -313.639374 
L 354.939492 -321.41861 
L 358.060947 -328.954469 
L 361.827318 -336.1896 
L 366.209939 -343.068938 
L 371.175457 -349.540127 
L 376.686082 -355.553918 
L 382.699873 -361.064543 
L 389.171062 -366.030061 
L 396.0504 -370.412682 
L 403.285531 -374.179053 
L 410.82139 -377.300508 
L 418.600626 -379.753292 
L 426.564034 -381.518737 
L 434.651008 -382.583407 
L 442.8 -382.9392 
z
" id="ma4a3ceafaa" style="stroke:#d39cd3;"/>
    </defs>
    <g clip-path="url(#p48af30c57c)">
     <use style="fill:#d39cd3;stroke:#d39cd3;" x="0" xlink:href="#ma4a3ceafaa" y="576"/>
    </g>
   </g>
   <g id="PolyCollection_7">
    <defs>
     <path d="M 442.8 -382.9392 
L 442.8 -382.9392 
L 434.651008 -382.583407 
L 426.564034 -381.518737 
L 418.600626 -379.753292 
L 410.82139 -377.300508 
L 403.285531 -374.179053 
L 396.0504 -370.412682 
L 389.171062 -366.030061 
L 382.699873 -361.064543 
L 376.686082 -355.553918 
L 371.175457 -349.540127 
L 366.209939 -343.068938 
L 361.827318 -336.1896 
L 358.060947 -328.954469 
L 354.939492 -321.41861 
L 352.486708 -313.639374 
L 350.721263 -305.675966 
L 349.656593 -297.588992 
L 349.3008 -289.44 
L 349.656593 -281.291008 
L 350.721263 -273.204034 
L 352.486708 -265.240626 
L 354.939492 -257.46139 
L 358.060947 -249.925531 
L 361.827318 -242.6904 
L 439.033829 -287.2656 
L 439.237672 -286.945631 
L 439.468626 -286.644645 
L 439.724934 -286.364934 
L 440.004645 -286.108626 
L 440.305631 -285.877672 
L 440.6256 -285.673829 
L 440.962118 -285.498649 
L 441.312623 -285.353465 
L 441.674448 -285.239382 
L 442.044839 -285.157268 
L 442.420977 -285.107748 
L 442.8 -285.0912 
L 443.179023 -285.107748 
L 443.555161 -285.157268 
L 443.925552 -285.239382 
L 444.287377 -285.353465 
L 444.637882 -285.498649 
L 444.9744 -285.673829 
L 445.294369 -285.877672 
L 445.595355 -286.108626 
L 445.875066 -286.364934 
L 446.131374 -286.644645 
L 446.362328 -286.945631 
L 446.566171 -287.2656 
L 450.332343 -285.0912 
L 450.682703 -285.764235 
L 450.973071 -286.465246 
L 451.201236 -287.188895 
L 451.365464 -287.929678 
L 451.464503 -288.681954 
L 451.4976 -289.44 
L 451.464503 -290.198046 
L 451.365464 -290.950322 
L 451.201236 -291.691105 
L 450.973071 -292.414754 
L 450.682703 -293.115765 
L 450.332343 -293.7888 
L 449.924657 -294.428738 
L 449.462748 -295.03071 
L 448.950132 -295.590132 
L 448.39071 -296.102748 
L 447.788738 -296.564657 
L 447.1488 -296.972343 
L 446.475765 -297.322703 
L 445.774754 -297.613071 
L 445.051105 -297.841236 
L 444.310322 -298.005464 
L 443.558046 -298.104503 
L 442.8 -298.1376 
L 442.8 -298.1376 
L 442.8 -298.1376 
L 443.558046 -298.104503 
L 444.310322 -298.005464 
L 445.051105 -297.841236 
L 445.774754 -297.613071 
L 446.475765 -297.322703 
L 447.1488 -296.972343 
L 447.788738 -296.564657 
L 448.39071 -296.102748 
L 448.950132 -295.590132 
L 449.462748 -295.03071 
L 449.924657 -294.428738 
L 450.332343 -293.7888 
L 450.682703 -293.115765 
L 450.973071 -292.414754 
L 451.201236 -291.691105 
L 451.365464 -290.950322 
L 451.464503 -290.198046 
L 451.4976 -289.44 
L 451.464503 -288.681954 
L 451.365464 -287.929678 
L 451.201236 -287.188895 
L 450.973071 -286.465246 
L 450.682703 -285.764235 
L 450.332343 -285.0912 
L 446.566171 -287.2656 
L 446.362328 -286.945631 
L 446.131374 -286.644645 
L 445.875066 -286.364934 
L 445.595355 -286.108626 
L 445.294369 -285.877672 
L 444.9744 -285.673829 
L 444.637882 -285.498649 
L 444.287377 -285.353465 
L 443.925552 -285.239382 
L 443.555161 -285.157268 
L 443.179023 -285.107748 
L 442.8 -285.0912 
L 442.420977 -285.107748 
L 442.044839 -285.157268 
L 441.674448 -285.239382 
L 441.312623 -285.353465 
L 440.962118 -285.498649 
L 440.6256 -285.673829 
L 440.305631 -285.877672 
L 440.004645 -286.108626 
L 439.724934 -286.364934 
L 439.468626 -286.644645 
L 439.237672 -286.945631 
L 439.033829 -287.2656 
L 361.827318 -242.6904 
L 358.060947 -249.925531 
L 354.939492 -257.46139 
L 352.486708 -265.240626 
L 350.721263 -273.204034 
L 349.656593 -281.291008 
L 349.3008 -289.44 
L 349.656593 -297.588992 
L 350.721263 -305.675966 
L 352.486708 -313.639374 
L 354.939492 -321.41861 
L 358.060947 -328.954469 
L 361.827318 -336.1896 
L 366.209939 -343.068938 
L 371.175457 -349.540127 
L 376.686082 -355.553918 
L 382.699873 -361.064543 
L 389.171062 -366.030061 
L 396.0504 -370.412682 
L 403.285531 -374.179053 
L 410.82139 -377.300508 
L 418.600626 -379.753292 
L 426.564034 -381.518737 
L 434.651008 -382.583407 
L 442.8 -382.9392 
z
" id="m33e1955b2c" style="stroke:#c1ceeb;"/>
    </defs>
    <g clip-path="url(#p48af30c57c)">
     <use style="fill:#c1ceeb;stroke:#c1ceeb;" x="0" xlink:href="#m33e1955b2c" y="576"/>
    </g>
   </g>
   <g id="PolyCollection_8">
    <defs>
     <path d="M 442.8 -506.88 
L 442.8 -382.9392 
L 434.651008 -382.583407 
L 426.564034 -381.518737 
L 418.600626 -379.753292 
L 410.82139 -377.300508 
L 403.285531 -374.179053 
L 396.0504 -370.412682 
L 389.171062 -366.030061 
L 382.699873 -361.064543 
L 376.686082 -355.553918 
L 371.175457 -349.540127 
L 366.209939 -343.068938 
L 361.827318 -336.1896 
L 358.060947 -328.954469 
L 354.939492 -321.41861 
L 352.486708 -313.639374 
L 350.721263 -305.675966 
L 349.656593 -297.588992 
L 349.3008 -289.44 
L 349.656593 -281.291008 
L 350.721263 -273.204034 
L 352.486708 -265.240626 
L 354.939492 -257.46139 
L 358.060947 -249.925531 
L 361.827318 -242.6904 
L 439.033829 -287.2656 
L 439.237672 -286.945631 
L 439.468626 -286.644645 
L 439.724934 -286.364934 
L 440.004645 -286.108626 
L 440.305631 -285.877672 
L 440.6256 -285.673829 
L 440.962118 -285.498649 
L 441.312623 -285.353465 
L 441.674448 -285.239382 
L 442.044839 -285.157268 
L 442.420977 -285.107748 
L 442.8 -285.0912 
L 443.179023 -285.107748 
L 443.555161 -285.157268 
L 443.925552 -285.239382 
L 444.287377 -285.353465 
L 444.637882 -285.498649 
L 444.9744 -285.673829 
L 445.294369 -285.877672 
L 445.595355 -286.108626 
L 445.875066 -286.364934 
L 446.131374 -286.644645 
L 446.362328 -286.945631 
L 446.566171 -287.2656 
L 450.332343 -285.0912 
L 450.682703 -285.764235 
L 450.973071 -286.465246 
L 451.201236 -287.188895 
L 451.365464 -287.929678 
L 451.464503 -288.681954 
L 451.4976 -289.44 
L 451.464503 -290.198046 
L 451.365464 -290.950322 
L 451.201236 -291.691105 
L 450.973071 -292.414754 
L 450.682703 -293.115765 
L 450.332343 -293.7888 
L 449.924657 -294.428738 
L 449.462748 -295.03071 
L 448.950132 -295.590132 
L 448.39071 -296.102748 
L 447.788738 -296.564657 
L 447.1488 -296.972343 
L 446.475765 -297.322703 
L 445.774754 -297.613071 
L 445.051105 -297.841236 
L 444.310322 -298.005464 
L 443.558046 -298.104503 
L 442.8 -298.1376 
L 442.8 -467.7408 
L 442.8 -467.7408 
L 458.339939 -467.062312 
L 473.761609 -465.03201 
L 488.947643 -461.665348 
L 503.782465 -456.987946 
L 518.153174 -451.035403 
L 531.9504 -443.853022 
L 545.069137 -435.495465 
L 557.409545 -426.026337 
L 568.877705 -415.517705 
L 579.386337 -404.049545 
L 588.855465 -391.709137 
L 597.213022 -378.5904 
L 604.395403 -364.793174 
L 610.347946 -350.422465 
L 615.025348 -335.587643 
L 618.39201 -320.401609 
L 620.422312 -304.979939 
L 621.1008 -289.44 
L 620.422312 -273.900061 
L 618.39201 -258.478391 
L 615.025348 -243.292357 
L 610.347946 -228.457535 
L 604.395403 -214.086826 
L 597.213022 -200.2896 
L 520.006511 -244.8648 
L 515.827732 -238.305431 
L 511.093169 -232.135227 
L 505.838852 -226.401148 
L 500.104773 -221.146831 
L 493.934569 -216.412268 
L 487.3752 -212.233489 
L 480.476587 -208.642298 
L 473.291233 -205.666027 
L 465.873821 -203.327326 
L 458.280804 -201.643995 
L 450.569969 -200.628844 
L 442.8 -200.2896 
L 435.030031 -200.628844 
L 427.319196 -201.643995 
L 419.726179 -203.327326 
L 412.308767 -205.666027 
L 405.123413 -208.642298 
L 398.2248 -212.233489 
L 391.665431 -216.412268 
L 385.495227 -221.146831 
L 379.761148 -226.401148 
L 374.506831 -232.135227 
L 369.772268 -238.305431 
L 365.593489 -244.8648 
L 254.491436 -180.72 
L 245.732435 -197.545885 
L 238.473237 -215.07114 
L 232.769088 -233.162387 
L 228.663402 -251.68194 
L 226.187425 -270.488855 
L 225.36 -289.44 
L 226.187425 -308.391145 
L 228.663402 -327.19806 
L 232.769088 -345.717613 
L 238.473237 -363.80886 
L 245.732435 -381.334115 
L 254.491436 -398.16 
L 264.683579 -414.15846 
L 276.231296 -429.207738 
L 289.046701 -443.193299 
L 303.032262 -456.008704 
L 318.08154 -467.556421 
L 334.08 -477.748564 
L 350.905885 -486.507565 
L 368.43114 -493.766763 
L 386.522387 -499.470912 
L 405.04194 -503.576598 
L 423.848855 -506.052575 
L 442.8 -506.88 
z
" id="mf4c35c83d4" style="stroke:#fce4c5;"/>
    </defs>
    <g clip-path="url(#p48af30c57c)">
     <use style="fill:#fce4c5;stroke:#fce4c5;" x="0" xlink:href="#mf4c35c83d4" y="576"/>
    </g>
   </g>
   <g id="matplotlib.axis_1">
    <g id="xtick_1">
     <g id="line2d_1">
      <path clip-path="url(#p48af30c57c)" d="M 442.8 286.56 
L 442.8 69.12 
" style="fill:none;stroke:#b0b0b0;stroke-linecap:square;stroke-width:0.8;"/>
     </g>
    </g>
    <g id="xtick_2">
     <g id="line2d_2">
      <path clip-path="url(#p48af30c57c)" d="M 442.8 286.56 
L 254.491436 395.28 
" style="fill:none;stroke:#b0b0b0;stroke-linecap:square;stroke-width:0.8;"/>
     </g>
    </g>
    <g id="xtick_3">
     <g id="line2d_3">
      <path clip-path="url(#p48af30c57c)" d="M 442.8 286.56 
L 631.108564 395.28 
" style="fill:none;stroke:#b0b0b0;stroke-linecap:square;stroke-width:0.8;"/>
     </g>
    </g>
   </g>
   <g id="matplotlib.axis_2"/>
   <g id="patch_3">
    <path d="M 442.8 69.12 
C 414.246041 69.12 385.969733 74.744507 359.589314 85.671634 
C 333.208896 96.598762 309.2374 112.616003 289.046701 132.806701 
C 268.856003 152.9974 252.838762 176.968896 241.911634 203.349314 
C 230.984507 229.729733 225.36 258.006041 225.36 286.56 
C 225.36 315.113959 230.984507 343.390267 241.911634 369.770686 
C 252.838762 396.151104 268.856003 420.1226 289.046701 440.313299 
C 309.2374 460.503997 333.208896 476.521238 359.589314 487.448366 
C 385.969733 498.375493 414.246041 504 442.8 504 
C 471.353959 504 499.630267 498.375493 526.010686 487.448366 
C 552.391104 476.521238 576.3626 460.503997 596.553299 440.313299 
C 616.743997 420.1226 632.761238 396.151104 643.688366 369.770686 
C 654.615493 343.390267 660.24 315.113959 660.24 286.56 
C 660.24 258.006041 654.615493 229.729733 643.688366 203.349314 
C 632.761238 176.968896 616.743997 152.9974 596.553299 132.806701 
C 576.3626 112.616003 552.391104 96.598762 526.010686 85.671634 
C 499.630267 74.744507 471.353959 69.12 442.8 69.12 
" style="fill:none;stroke:#000000;stroke-linecap:square;stroke-linejoin:miter;stroke-width:0.8;"/>
   </g>
  </g>
 </g>
 <defs>
  <clipPath id="p48af30c57c">
   <path d="M 660.24 286.56 
C 660.24 258.006041 654.615493 229.729733 643.688366 203.349314 
C 632.761238 176.968896 616.743997 152.9974 596.553299 132.806701 
C 576.3626 112.616003 552.391104 96.598762 526.010686 85.671634 
C 499.630267 74.744507 471.353959 69.12 442.8 69.12 
C 414.246041 69.12 385.969733 74.744507 359.589314 85.671634 
C 333.208896 96.598762 309.2374 112.616003 289.046701 132.806701 
C 268.856003 152.9974 252.838762 176.968896 241.911634 203.349314 
C 230.984507 229.729733 225.36 258.006041 225.36 286.56 
C 225.36 315.113959 230.984507 343.390267 241.911634 369.770686 
C 252.838762 396.151104 268.856003 420.1226 289.046701 440.313299 
C 309.2374 460.503997 333.208896 476.521238 359.589314 487.448366 
C 385.969733 498.375493 414.246041 504 442.8 504 
C 471.353959 504 499.630267 498.375493 526.010686 487.448366 
C 552.391104 476.521238 576.3626 460.503997 596.553299 440.313299 
C 616.743997 420.1226 632.761238 396.151104 643.688366 369.770686 
C 654.615493 343.390267 660.24 315.113959 660.24 286.56 
M 442.8 286.56 
C 442.8 286.56 442.8 286.56 442.8 286.56 
C 442.8 286.56 442.8 286.56 442.8 286.56 
C 442.8 286.56 442.8 286.56 442.8 286.56 
C 442.8 286.56 442.8 286.56 442.8 286.56 
C 442.8 286.56 442.8 286.56 442.8 286.56 
C 442.8 286.56 442.8 286.56 442.8 286.56 
C 442.8 286.56 442.8 286.56 442.8 286.56 
C 442.8 286.56 442.8 286.56 442.8 286.56 
C 442.8 286.56 442.8 286.56 442.8 286.56 
C 442.8 286.56 442.8 286.56 442.8 286.56 
C 442.8 286.56 442.8 286.56 442.8 286.56 
C 442.8 286.56 442.8 286.56 442.8 286.56 
C 442.8 286.56 442.8 286.56 442.8 286.56 
C 442.8 286.56 442.8 286.56 442.8 286.56 
C 442.8 286.56 442.8 286.56 442.8 286.56 
C 442.8 286.56 442.8 286.56 442.8 286.56 
M 660.24 286.56 
z
"/>
  </clipPath>
 </defs>
</svg>
