<?xml version="1.0" encoding="utf-8" standalone="no"?>
<!DOCTYPE svg PUBLIC "-//W3C//DTD SVG 1.1//EN"
  "http://www.w3.org/Graphics/SVG/1.1/DTD/svg11.dtd">
<!-- Created with matplotlib (https://matplotlib.org/) -->
<svg height="576pt" version="1.1" viewBox="0 0 864 576" width="864pt" xmlns="http://www.w3.org/2000/svg" xmlns:xlink="http://www.w3.org/1999/xlink">
 <metadata>
  <rdf:RDF xmlns:cc="http://creativecommons.org/ns#" xmlns:dc="http://purl.org/dc/elements/1.1/" xmlns:rdf="http://www.w3.org/1999/02/22-rdf-syntax-ns#">
   <cc:Work>
    <dc:type rdf:resource="http://purl.org/dc/dcmitype/StillImage"/>
    <dc:date>2023-07-10T11:23:50.355009</dc:date>
    <dc:format>image/svg+xml</dc:format>
    <dc:creator>
     <cc:Agent>
      <dc:title>Matplotlib v3.3.4, https://matplotlib.org/</dc:title>
     </cc:Agent>
    </dc:creator>
   </cc:Work>
  </rdf:RDF>
 </metadata>
 <defs>
  <style type="text/css">*{stroke-linecap:butt;stroke-linejoin:round;}</style>
 </defs>
 <g id="figure_1">
  <g id="patch_1">
   <path d="M 0 576 
L 864 576 
L 864 0 
L 0 0 
z
" style="fill:none;"/>
  </g>
  <g id="axes_1">
   <g id="patch_2">
    <path d="M 660.24 286.56 
C 660.24 258.006041 654.615493 229.729733 643.688366 203.349314 
C 632.761238 176.968896 616.743997 152.9974 596.553299 132.806701 
C 576.3626 112.616003 552.391104 96.598762 526.010686 85.671634 
C 499.630267 74.744507 471.353959 69.12 442.8 69.12 
C 414.246041 69.12 385.969733 74.744507 359.589314 85.671634 
C 333.208896 96.598762 309.2374 112.616003 289.046701 132.806701 
C 268.856003 152.9974 252.838762 176.968896 241.911634 203.349314 
C 230.984507 229.729733 225.36 258.006041 225.36 286.56 
C 225.36 315.113959 230.984507 343.390267 241.911634 369.770686 
C 252.838762 396.151104 268.856003 420.1226 289.046701 440.313299 
C 309.2374 460.503997 333.208896 476.521238 359.589314 487.448366 
C 385.969733 498.375493 414.246041 504 442.8 504 
C 471.353959 504 499.630267 498.375493 526.010686 487.448366 
C 552.391104 476.521238 576.3626 460.503997 596.553299 440.313299 
C 616.743997 420.1226 632.761238 396.151104 643.688366 369.770686 
C 654.615493 343.390267 660.24 315.113959 660.24 286.56 
M 442.8 286.56 
C 442.8 286.56 442.8 286.56 442.8 286.56 
C 442.8 286.56 442.8 286.56 442.8 286.56 
C 442.8 286.56 442.8 286.56 442.8 286.56 
C 442.8 286.56 442.8 286.56 442.8 286.56 
C 442.8 286.56 442.8 286.56 442.8 286.56 
C 442.8 286.56 442.8 286.56 442.8 286.56 
C 442.8 286.56 442.8 286.56 442.8 286.56 
C 442.8 286.56 442.8 286.56 442.8 286.56 
C 442.8 286.56 442.8 286.56 442.8 286.56 
C 442.8 286.56 442.8 286.56 442.8 286.56 
C 442.8 286.56 442.8 286.56 442.8 286.56 
C 442.8 286.56 442.8 286.56 442.8 286.56 
C 442.8 286.56 442.8 286.56 442.8 286.56 
C 442.8 286.56 442.8 286.56 442.8 286.56 
C 442.8 286.56 442.8 286.56 442.8 286.56 
C 442.8 286.56 442.8 286.56 442.8 286.56 
M 660.24 286.56 
z
" style="fill:#ffffff;"/>
   </g>
   <g id="PolyCollection_1">
    <defs>
     <path d="M 442.8 -289.44 
L 442.8 -289.44 
L 442.8 -289.44 
L 442.8 -289.44 
L 442.8 -289.44 
L 442.8 -289.44 
L 442.8 -289.44 
L 442.8 -289.44 
L 442.8 -289.44 
L 442.8 -289.44 
L 442.8 -289.44 
L 442.8 -289.44 
L 442.8 -289.44 
L 442.8 -289.44 
L 442.8 -289.44 
L 442.8 -289.44 
L 442.8 -289.44 
L 442.8 -289.44 
L 442.8 -289.44 
L 442.8 -289.44 
L 442.8 -289.44 
L 442.8 -289.44 
L 442.8 -289.44 
L 442.8 -289.44 
L 442.8 -289.44 
L 442.8 -289.44 
L 442.8 -289.44 
L 442.8 -289.44 
L 442.8 -289.44 
L 442.8 -289.44 
L 442.8 -289.44 
L 442.8 -289.44 
L 442.8 -289.44 
L 442.8 -289.44 
L 442.8 -289.44 
L 442.8 -289.44 
L 442.8 -289.44 
L 442.8 -289.44 
L 442.8 -289.44 
L 442.8 -289.44 
L 442.8 -289.44 
L 442.8 -289.44 
L 442.8 -289.44 
L 442.8 -289.44 
L 442.8 -289.44 
L 442.8 -289.44 
L 442.8 -289.44 
L 442.8 -289.44 
L 442.8 -289.44 
L 442.8 -289.44 
L 442.8 -289.44 
L 442.8 -289.44 
L 442.8 -289.44 
L 442.8 -289.44 
L 442.8 -289.44 
L 442.8 -289.44 
L 442.8 -289.44 
L 442.8 -289.44 
L 442.8 -289.44 
L 442.8 -289.44 
L 442.8 -289.44 
L 442.8 -289.44 
L 442.8 -289.44 
L 442.8 -289.44 
L 442.8 -289.44 
L 442.8 -289.44 
L 442.8 -289.44 
L 442.8 -289.44 
L 442.8 -289.44 
L 442.8 -289.44 
L 442.8 -289.44 
L 442.8 -289.44 
L 442.8 -289.44 
L 442.8 -289.44 
L 442.8 -289.44 
L 442.8 -289.44 
L 442.8 -289.44 
L 442.8 -289.44 
L 442.8 -289.44 
L 442.8 -289.44 
L 442.8 -289.44 
L 442.8 -289.44 
L 442.8 -289.44 
L 442.8 -289.44 
L 442.8 -289.44 
L 442.8 -289.44 
L 442.8 -289.44 
L 442.8 -289.44 
L 442.8 -289.44 
L 442.8 -289.44 
L 442.8 -289.44 
L 442.8 -289.44 
L 442.8 -289.44 
L 442.8 -289.44 
L 442.8 -289.44 
L 442.8 -289.44 
L 442.8 -289.44 
L 442.8 -289.44 
L 442.8 -289.44 
L 442.8 -289.44 
L 442.8 -289.44 
L 442.8 -289.44 
L 442.8 -289.44 
L 442.8 -289.44 
L 442.8 -289.44 
L 442.8 -289.44 
L 442.8 -289.44 
L 442.8 -289.44 
L 442.8 -289.44 
L 442.8 -289.44 
L 442.8 -289.44 
L 442.8 -289.44 
L 442.8 -289.44 
L 442.8 -289.44 
L 442.8 -289.44 
L 442.8 -289.44 
L 442.8 -289.44 
L 442.8 -289.44 
L 442.8 -289.44 
L 442.8 -289.44 
L 442.8 -289.44 
L 442.8 -289.44 
L 442.8 -289.44 
L 442.8 -289.44 
L 442.8 -289.44 
L 442.8 -289.44 
L 442.8 -289.44 
L 442.8 -289.44 
L 442.8 -289.44 
L 442.8 -289.44 
L 442.8 -289.44 
L 442.8 -289.44 
L 442.8 -289.44 
L 442.8 -289.44 
L 442.8 -289.44 
L 442.8 -289.44 
L 442.8 -289.44 
L 442.8 -289.44 
L 442.8 -289.44 
L 442.8 -289.44 
L 442.8 -289.44 
L 442.8 -289.44 
L 442.8 -289.44 
L 442.8 -289.44 
L 442.8 -289.44 
L 442.8 -289.44 
L 442.8 -289.44 
L 442.8 -289.44 
L 442.8 -289.44 
L 442.8 -289.44 
L 442.8 -289.44 
L 442.8 -289.44 
z
" id="m69d2100ab6" style="stroke:#3e0081;"/>
    </defs>
    <g clip-path="url(#pa75b2362e9)">
     <use style="fill:#3e0081;stroke:#3e0081;" x="0" xlink:href="#m69d2100ab6" y="576"/>
    </g>
   </g>
   <g id="PolyCollection_2">
    <defs>
     <path d="M 442.8 -289.44 
L 442.8 -289.44 
L 442.8 -289.44 
L 442.8 -289.44 
L 442.8 -289.44 
L 442.8 -289.44 
L 442.8 -289.44 
L 442.8 -289.44 
L 442.8 -289.44 
L 442.8 -289.44 
L 442.8 -289.44 
L 442.8 -289.44 
L 442.8 -289.44 
L 442.8 -289.44 
L 442.8 -289.44 
L 442.8 -289.44 
L 442.8 -289.44 
L 442.8 -289.44 
L 442.8 -289.44 
L 442.8 -289.44 
L 442.8 -289.44 
L 442.8 -289.44 
L 442.8 -289.44 
L 442.8 -289.44 
L 442.8 -289.44 
L 442.8 -289.44 
L 442.8 -289.44 
L 442.8 -289.44 
L 442.8 -289.44 
L 442.8 -289.44 
L 442.8 -289.44 
L 442.8 -289.44 
L 442.8 -289.44 
L 442.8 -289.44 
L 442.8 -289.44 
L 442.8 -289.44 
L 442.8 -289.44 
L 442.8 -289.44 
L 442.8 -289.44 
L 442.8 -289.44 
L 442.8 -289.44 
L 442.8 -289.44 
L 442.8 -289.44 
L 442.8 -289.44 
L 442.8 -289.44 
L 442.8 -289.44 
L 442.8 -289.44 
L 442.8 -289.44 
L 442.8 -289.44 
L 442.8 -289.44 
L 442.8 -289.44 
L 442.8 -289.44 
L 442.8 -289.44 
L 442.8 -289.44 
L 442.8 -289.44 
L 442.8 -289.44 
L 442.8 -289.44 
L 442.8 -289.44 
L 442.8 -289.44 
L 442.8 -289.44 
L 442.8 -289.44 
L 442.8 -289.44 
L 442.8 -289.44 
L 442.8 -289.44 
L 442.8 -289.44 
L 442.8 -289.44 
L 442.8 -289.44 
L 442.8 -289.44 
L 442.8 -289.44 
L 442.8 -289.44 
L 442.8 -289.44 
L 442.8 -289.44 
L 442.8 -289.44 
L 442.8 -289.44 
L 442.8 -289.44 
L 442.8 -289.44 
L 442.8 -289.44 
L 442.8 -289.44 
L 442.8 -289.44 
L 442.8 -289.44 
L 442.8 -289.44 
L 442.8 -289.44 
L 442.8 -289.44 
L 442.8 -289.44 
L 442.8 -289.44 
L 442.8 -289.44 
L 442.8 -289.44 
L 442.8 -289.44 
L 442.8 -289.44 
L 442.8 -289.44 
L 442.8 -289.44 
L 442.8 -289.44 
L 442.8 -289.44 
L 442.8 -289.44 
L 442.8 -289.44 
L 442.8 -289.44 
L 442.8 -289.44 
L 442.8 -289.44 
L 442.8 -289.44 
L 442.8 -289.44 
L 442.8 -289.44 
L 442.8 -289.44 
L 442.8 -289.44 
L 442.8 -289.44 
L 442.8 -289.44 
L 442.8 -289.44 
L 442.8 -289.44 
L 442.8 -289.44 
L 442.8 -289.44 
L 442.8 -289.44 
L 442.8 -289.44 
L 442.8 -289.44 
L 442.8 -289.44 
L 442.8 -289.44 
L 442.8 -289.44 
L 442.8 -289.44 
L 442.8 -289.44 
L 442.8 -289.44 
L 442.8 -289.44 
L 442.8 -289.44 
L 442.8 -289.44 
L 442.8 -289.44 
L 442.8 -289.44 
L 442.8 -289.44 
L 442.8 -289.44 
L 442.8 -289.44 
L 442.8 -289.44 
L 442.8 -289.44 
L 442.8 -289.44 
L 442.8 -289.44 
L 442.8 -289.44 
L 442.8 -289.44 
L 442.8 -289.44 
L 442.8 -289.44 
L 442.8 -289.44 
L 442.8 -289.44 
L 442.8 -289.44 
L 442.8 -289.44 
L 442.8 -289.44 
L 442.8 -289.44 
L 442.8 -289.44 
L 442.8 -289.44 
L 442.8 -289.44 
L 442.8 -289.44 
L 442.8 -289.44 
L 442.8 -289.44 
L 442.8 -289.44 
L 442.8 -289.44 
L 442.8 -289.44 
L 442.8 -289.44 
L 442.8 -289.44 
L 442.8 -289.44 
z
" id="ma65279a349" style="stroke:#a447a5;"/>
    </defs>
    <g clip-path="url(#pa75b2362e9)">
     <use style="fill:#a447a5;stroke:#a447a5;" x="0" xlink:href="#ma65279a349" y="576"/>
    </g>
   </g>
   <g id="PolyCollection_3">
    <defs>
     <path d="M 442.8 -289.44 
L 442.8 -289.44 
L 442.8 -289.44 
L 442.8 -289.44 
L 442.8 -289.44 
L 442.8 -289.44 
L 442.8 -289.44 
L 442.8 -289.44 
L 442.8 -289.44 
L 442.8 -289.44 
L 442.8 -289.44 
L 442.8 -289.44 
L 442.8 -289.44 
L 442.8 -289.44 
L 442.8 -289.44 
L 442.8 -289.44 
L 442.8 -289.44 
L 442.8 -289.44 
L 442.8 -289.44 
L 442.8 -289.44 
L 442.8 -289.44 
L 442.8 -289.44 
L 442.8 -289.44 
L 442.8 -289.44 
L 442.8 -289.44 
L 442.8 -289.44 
L 442.8 -289.44 
L 442.8 -289.44 
L 442.8 -289.44 
L 442.8 -289.44 
L 442.8 -289.44 
L 442.8 -289.44 
L 442.8 -289.44 
L 442.8 -289.44 
L 442.8 -289.44 
L 442.8 -289.44 
L 442.8 -289.44 
L 442.8 -289.44 
L 442.8 -289.44 
L 442.8 -289.44 
L 442.8 -289.44 
L 442.8 -289.44 
L 442.8 -289.44 
L 442.8 -289.44 
L 442.8 -289.44 
L 442.8 -289.44 
L 442.8 -289.44 
L 442.8 -289.44 
L 442.8 -289.44 
L 442.8 -289.44 
L 442.8 -289.44 
L 442.8 -289.44 
L 442.8 -289.44 
L 442.8 -289.44 
L 442.8 -289.44 
L 442.8 -289.44 
L 442.8 -289.44 
L 442.8 -289.44 
L 442.8 -289.44 
L 442.8 -289.44 
L 442.8 -289.44 
L 442.8 -289.44 
L 442.8 -289.44 
L 442.8 -289.44 
L 442.8 -289.44 
L 442.8 -289.44 
L 442.8 -289.44 
L 442.8 -289.44 
L 442.8 -289.44 
L 442.8 -289.44 
L 442.8 -289.44 
L 442.8 -289.44 
L 442.8 -289.44 
L 442.8 -289.44 
L 442.8 -289.44 
L 442.8 -289.44 
L 442.8 -289.44 
L 442.8 -289.44 
L 442.8 -289.44 
L 442.8 -289.44 
L 442.8 -289.44 
L 442.8 -289.44 
L 442.8 -289.44 
L 442.8 -289.44 
L 442.8 -289.44 
L 442.8 -289.44 
L 442.8 -289.44 
L 442.8 -289.44 
L 442.8 -289.44 
L 442.8 -289.44 
L 442.8 -289.44 
L 442.8 -289.44 
L 442.8 -289.44 
L 442.8 -289.44 
L 442.8 -289.44 
L 442.8 -289.44 
L 442.8 -289.44 
L 442.8 -289.44 
L 442.8 -289.44 
L 442.8 -289.44 
L 442.8 -289.44 
L 442.8 -289.44 
L 442.8 -289.44 
L 442.8 -289.44 
L 442.8 -289.44 
L 442.8 -289.44 
L 442.8 -289.44 
L 442.8 -289.44 
L 442.8 -289.44 
L 442.8 -289.44 
L 442.8 -289.44 
L 442.8 -289.44 
L 442.8 -289.44 
L 442.8 -289.44 
L 442.8 -289.44 
L 442.8 -289.44 
L 442.8 -289.44 
L 442.8 -289.44 
L 442.8 -289.44 
L 442.8 -289.44 
L 442.8 -289.44 
L 442.8 -289.44 
L 442.8 -289.44 
L 442.8 -289.44 
L 442.8 -289.44 
L 442.8 -289.44 
L 442.8 -289.44 
L 442.8 -289.44 
L 442.8 -289.44 
L 442.8 -289.44 
L 442.8 -289.44 
L 442.8 -289.44 
L 442.8 -289.44 
L 442.8 -289.44 
L 442.8 -289.44 
L 442.8 -289.44 
L 442.8 -289.44 
L 442.8 -289.44 
L 442.8 -289.44 
L 442.8 -289.44 
L 442.8 -289.44 
L 442.8 -289.44 
L 442.8 -289.44 
L 442.8 -289.44 
L 442.8 -289.44 
L 442.8 -289.44 
L 442.8 -289.44 
L 442.8 -289.44 
L 442.8 -289.44 
L 442.8 -289.44 
L 442.8 -289.44 
L 442.8 -289.44 
z
" id="m676832a0b5" style="stroke:#6586cd;"/>
    </defs>
    <g clip-path="url(#pa75b2362e9)">
     <use style="fill:#6586cd;stroke:#6586cd;" x="0" xlink:href="#m676832a0b5" y="576"/>
    </g>
   </g>
   <g id="PolyCollection_4">
    <defs>
     <path d="M 442.8 -382.9392 
L 442.8 -289.44 
L 442.8 -289.44 
L 442.8 -289.44 
L 442.8 -289.44 
L 442.8 -289.44 
L 442.8 -289.44 
L 442.8 -289.44 
L 442.8 -289.44 
L 442.8 -289.44 
L 442.8 -289.44 
L 442.8 -289.44 
L 442.8 -289.44 
L 442.8 -289.44 
L 442.8 -289.44 
L 442.8 -289.44 
L 442.8 -289.44 
L 442.8 -289.44 
L 442.8 -289.44 
L 442.8 -289.44 
L 442.8 -289.44 
L 442.8 -289.44 
L 442.8 -289.44 
L 442.8 -289.44 
L 442.8 -289.44 
L 442.8 -289.44 
L 442.8 -289.44 
L 442.8 -289.44 
L 442.8 -289.44 
L 442.8 -289.44 
L 442.8 -289.44 
L 442.8 -289.44 
L 442.8 -289.44 
L 442.8 -289.44 
L 442.8 -289.44 
L 442.8 -289.44 
L 442.8 -289.44 
L 442.8 -289.44 
L 442.8 -289.44 
L 442.8 -289.44 
L 442.8 -289.44 
L 442.8 -289.44 
L 442.8 -289.44 
L 442.8 -289.44 
L 442.8 -289.44 
L 442.8 -289.44 
L 442.8 -289.44 
L 442.8 -289.44 
L 442.8 -289.44 
L 442.8 -289.44 
L 442.8 -289.44 
L 442.8 -289.44 
L 442.8 -289.44 
L 442.8 -289.44 
L 442.8 -289.44 
L 442.8 -289.44 
L 442.8 -289.44 
L 442.8 -289.44 
L 442.8 -289.44 
L 442.8 -289.44 
L 442.8 -289.44 
L 442.8 -289.44 
L 442.8 -289.44 
L 442.8 -289.44 
L 442.8 -289.44 
L 442.8 -289.44 
L 442.8 -289.44 
L 442.8 -289.44 
L 442.8 -289.44 
L 442.8 -289.44 
L 442.8 -289.44 
L 442.8 -289.44 
L 442.8 -289.44 
L 442.8 -289.44 
L 442.8 -289.44 
L 442.8 -289.44 
L 442.8 -291.6144 
L 442.8 -291.6144 
L 442.989511 -291.606126 
L 443.177581 -291.581366 
L 443.362776 -291.540309 
L 443.543689 -291.483268 
L 443.718941 -291.410676 
L 443.8872 -291.323086 
L 444.047185 -291.221164 
L 444.197677 -291.105687 
L 444.337533 -290.977533 
L 444.465687 -290.837677 
L 444.581164 -290.687185 
L 444.683086 -290.5272 
L 444.770676 -290.358941 
L 444.843268 -290.183689 
L 444.900309 -290.002776 
L 444.941366 -289.817581 
L 444.966126 -289.629511 
L 444.9744 -289.44 
L 444.966126 -289.250489 
L 444.941366 -289.062419 
L 444.900309 -288.877224 
L 444.843268 -288.696311 
L 444.770676 -288.521059 
L 444.683086 -288.3528 
L 446.566171 -287.2656 
L 446.362328 -286.945631 
L 446.131374 -286.644645 
L 445.875066 -286.364934 
L 445.595355 -286.108626 
L 445.294369 -285.877672 
L 444.9744 -285.673829 
L 444.637882 -285.498649 
L 444.287377 -285.353465 
L 443.925552 -285.239382 
L 443.555161 -285.157268 
L 443.179023 -285.107748 
L 442.8 -285.0912 
L 442.420977 -285.107748 
L 442.044839 -285.157268 
L 441.674448 -285.239382 
L 441.312623 -285.353465 
L 440.962118 -285.498649 
L 440.6256 -285.673829 
L 440.305631 -285.877672 
L 440.004645 -286.108626 
L 439.724934 -286.364934 
L 439.468626 -286.644645 
L 439.237672 -286.945631 
L 439.033829 -287.2656 
L 361.827318 -242.6904 
L 358.060947 -249.925531 
L 354.939492 -257.46139 
L 352.486708 -265.240626 
L 350.721263 -273.204034 
L 349.656593 -281.291008 
L 349.3008 -289.44 
L 349.656593 -297.588992 
L 350.721263 -305.675966 
L 352.486708 -313.639374 
L 354.939492 -321.41861 
L 358.060947 -328.954469 
L 361.827318 -336.1896 
L 366.209939 -343.068938 
L 371.175457 -349.540127 
L 376.686082 -355.553918 
L 382.699873 -361.064543 
L 389.171062 -366.030061 
L 396.0504 -370.412682 
L 403.285531 -374.179053 
L 410.82139 -377.300508 
L 418.600626 -379.753292 
L 426.564034 -381.518737 
L 434.651008 -382.583407 
L 442.8 -382.9392 
z
" id="m57bd8d83dd" style="stroke:#fcaf58;"/>
    </defs>
    <g clip-path="url(#pa75b2362e9)">
     <use style="fill:#fcaf58;stroke:#fcaf58;" x="0" xlink:href="#m57bd8d83dd" y="576"/>
    </g>
   </g>
   <g id="PolyCollection_5">
    <defs>
     <path d="M 442.8 -382.9392 
L 442.8 -382.9392 
L 434.651008 -382.583407 
L 426.564034 -381.518737 
L 418.600626 -379.753292 
L 410.82139 -377.300508 
L 403.285531 -374.179053 
L 396.0504 -370.412682 
L 389.171062 -366.030061 
L 382.699873 -361.064543 
L 376.686082 -355.553918 
L 371.175457 -349.540127 
L 366.209939 -343.068938 
L 361.827318 -336.1896 
L 358.060947 -328.954469 
L 354.939492 -321.41861 
L 352.486708 -313.639374 
L 350.721263 -305.675966 
L 349.656593 -297.588992 
L 349.3008 -289.44 
L 349.656593 -281.291008 
L 350.721263 -273.204034 
L 352.486708 -265.240626 
L 354.939492 -257.46139 
L 358.060947 -249.925531 
L 361.827318 -242.6904 
L 439.033829 -287.2656 
L 439.237672 -286.945631 
L 439.468626 -286.644645 
L 439.724934 -286.364934 
L 440.004645 -286.108626 
L 440.305631 -285.877672 
L 440.6256 -285.673829 
L 440.962118 -285.498649 
L 441.312623 -285.353465 
L 441.674448 -285.239382 
L 442.044839 -285.157268 
L 442.420977 -285.107748 
L 442.8 -285.0912 
L 443.179023 -285.107748 
L 443.555161 -285.157268 
L 443.925552 -285.239382 
L 444.287377 -285.353465 
L 444.637882 -285.498649 
L 444.9744 -285.673829 
L 445.294369 -285.877672 
L 445.595355 -286.108626 
L 445.875066 -286.364934 
L 446.131374 -286.644645 
L 446.362328 -286.945631 
L 446.566171 -287.2656 
L 444.683086 -288.3528 
L 444.770676 -288.521059 
L 444.843268 -288.696311 
L 444.900309 -288.877224 
L 444.941366 -289.062419 
L 444.966126 -289.250489 
L 444.9744 -289.44 
L 444.966126 -289.629511 
L 444.941366 -289.817581 
L 444.900309 -290.002776 
L 444.843268 -290.183689 
L 444.770676 -290.358941 
L 444.683086 -290.5272 
L 444.581164 -290.687185 
L 444.465687 -290.837677 
L 444.337533 -290.977533 
L 444.197677 -291.105687 
L 444.047185 -291.221164 
L 443.8872 -291.323086 
L 443.718941 -291.410676 
L 443.543689 -291.483268 
L 443.362776 -291.540309 
L 443.177581 -291.581366 
L 442.989511 -291.606126 
L 442.8 -291.6144 
L 442.8 -291.6144 
L 442.8 -291.6144 
L 442.989511 -291.606126 
L 443.177581 -291.581366 
L 443.362776 -291.540309 
L 443.543689 -291.483268 
L 443.718941 -291.410676 
L 443.8872 -291.323086 
L 444.047185 -291.221164 
L 444.197677 -291.105687 
L 444.337533 -290.977533 
L 444.465687 -290.837677 
L 444.581164 -290.687185 
L 444.683086 -290.5272 
L 444.770676 -290.358941 
L 444.843268 -290.183689 
L 444.900309 -290.002776 
L 444.941366 -289.817581 
L 444.966126 -289.629511 
L 444.9744 -289.44 
L 444.966126 -289.250489 
L 444.941366 -289.062419 
L 444.900309 -288.877224 
L 444.843268 -288.696311 
L 444.770676 -288.521059 
L 444.683086 -288.3528 
L 446.566171 -287.2656 
L 446.362328 -286.945631 
L 446.131374 -286.644645 
L 445.875066 -286.364934 
L 445.595355 -286.108626 
L 445.294369 -285.877672 
L 444.9744 -285.673829 
L 444.637882 -285.498649 
L 444.287377 -285.353465 
L 443.925552 -285.239382 
L 443.555161 -285.157268 
L 443.179023 -285.107748 
L 442.8 -285.0912 
L 442.420977 -285.107748 
L 442.044839 -285.157268 
L 441.674448 -285.239382 
L 441.312623 -285.353465 
L 440.962118 -285.498649 
L 440.6256 -285.673829 
L 440.305631 -285.877672 
L 440.004645 -286.108626 
L 439.724934 -286.364934 
L 439.468626 -286.644645 
L 439.237672 -286.945631 
L 439.033829 -287.2656 
L 361.827318 -242.6904 
L 358.060947 -249.925531 
L 354.939492 -257.46139 
L 352.486708 -265.240626 
L 350.721263 -273.204034 
L 349.656593 -281.291008 
L 349.3008 -289.44 
L 349.656593 -297.588992 
L 350.721263 -305.675966 
L 352.486708 -313.639374 
L 354.939492 -321.41861 
L 358.060947 -328.954469 
L 361.827318 -336.1896 
L 366.209939 -343.068938 
L 371.175457 -349.540127 
L 376.686082 -355.553918 
L 382.699873 -361.064543 
L 389.171062 -366.030061 
L 396.0504 -370.412682 
L 403.285531 -374.179053 
L 410.82139 -377.300508 
L 418.600626 -379.753292 
L 426.564034 -381.518737 
L 434.651008 -382.583407 
L 442.8 -382.9392 
z
" id="m4332b5a7f1" style="stroke:#857bbe;"/>
    </defs>
    <g clip-path="url(#pa75b2362e9)">
     <use style="fill:#857bbe;stroke:#857bbe;" x="0" xlink:href="#m4332b5a7f1" y="576"/>
    </g>
   </g>
   <g id="PolyCollection_6">
    <defs>
     <path d="M 442.8 -382.9392 
L 442.8 -382.9392 
L 434.651008 -382.583407 
L 426.564034 -381.518737 
L 418.600626 -379.753292 
L 410.82139 -377.300508 
L 403.285531 -374.179053 
L 396.0504 -370.412682 
L 389.171062 -366.030061 
L 382.699873 -361.064543 
L 376.686082 -355.553918 
L 371.175457 -349.540127 
L 366.209939 -343.068938 
L 361.827318 -336.1896 
L 358.060947 -328.954469 
L 354.939492 -321.41861 
L 352.486708 -313.639374 
L 350.721263 -305.675966 
L 349.656593 -297.588992 
L 349.3008 -289.44 
L 349.656593 -281.291008 
L 350.721263 -273.204034 
L 352.486708 -265.240626 
L 354.939492 -257.46139 
L 358.060947 -249.925531 
L 361.827318 -242.6904 
L 439.033829 -287.2656 
L 439.237672 -286.945631 
L 439.468626 -286.644645 
L 439.724934 -286.364934 
L 440.004645 -286.108626 
L 440.305631 -285.877672 
L 440.6256 -285.673829 
L 440.962118 -285.498649 
L 441.312623 -285.353465 
L 441.674448 -285.239382 
L 442.044839 -285.157268 
L 442.420977 -285.107748 
L 442.8 -285.0912 
L 443.179023 -285.107748 
L 443.555161 -285.157268 
L 443.925552 -285.239382 
L 444.287377 -285.353465 
L 444.637882 -285.498649 
L 444.9744 -285.673829 
L 445.294369 -285.877672 
L 445.595355 -286.108626 
L 445.875066 -286.364934 
L 446.131374 -286.644645 
L 446.362328 -286.945631 
L 446.566171 -287.2656 
L 444.683086 -288.3528 
L 444.770676 -288.521059 
L 444.843268 -288.696311 
L 444.900309 -288.877224 
L 444.941366 -289.062419 
L 444.966126 -289.250489 
L 444.9744 -289.44 
L 444.966126 -289.629511 
L 444.941366 -289.817581 
L 444.900309 -290.002776 
L 444.843268 -290.183689 
L 444.770676 -290.358941 
L 444.683086 -290.5272 
L 444.581164 -290.687185 
L 444.465687 -290.837677 
L 444.337533 -290.977533 
L 444.197677 -291.105687 
L 444.047185 -291.221164 
L 443.8872 -291.323086 
L 443.718941 -291.410676 
L 443.543689 -291.483268 
L 443.362776 -291.540309 
L 443.177581 -291.581366 
L 442.989511 -291.606126 
L 442.8 -291.6144 
L 442.8 -291.6144 
L 442.8 -291.6144 
L 442.989511 -291.606126 
L 443.177581 -291.581366 
L 443.362776 -291.540309 
L 443.543689 -291.483268 
L 443.718941 -291.410676 
L 443.8872 -291.323086 
L 444.047185 -291.221164 
L 444.197677 -291.105687 
L 444.337533 -290.977533 
L 444.465687 -290.837677 
L 444.581164 -290.687185 
L 444.683086 -290.5272 
L 444.770676 -290.358941 
L 444.843268 -290.183689 
L 444.900309 -290.002776 
L 444.941366 -289.817581 
L 444.966126 -289.629511 
L 444.9744 -289.44 
L 444.966126 -289.250489 
L 444.941366 -289.062419 
L 444.900309 -288.877224 
L 444.843268 -288.696311 
L 444.770676 -288.521059 
L 444.683086 -288.3528 
L 446.566171 -287.2656 
L 446.362328 -286.945631 
L 446.131374 -286.644645 
L 445.875066 -286.364934 
L 445.595355 -286.108626 
L 445.294369 -285.877672 
L 444.9744 -285.673829 
L 444.637882 -285.498649 
L 444.287377 -285.353465 
L 443.925552 -285.239382 
L 443.555161 -285.157268 
L 443.179023 -285.107748 
L 442.8 -285.0912 
L 442.420977 -285.107748 
L 442.044839 -285.157268 
L 441.674448 -285.239382 
L 441.312623 -285.353465 
L 440.962118 -285.498649 
L 440.6256 -285.673829 
L 440.305631 -285.877672 
L 440.004645 -286.108626 
L 439.724934 -286.364934 
L 439.468626 -286.644645 
L 439.237672 -286.945631 
L 439.033829 -287.2656 
L 361.827318 -242.6904 
L 358.060947 -249.925531 
L 354.939492 -257.46139 
L 352.486708 -265.240626 
L 350.721263 -273.204034 
L 349.656593 -281.291008 
L 349.3008 -289.44 
L 349.656593 -297.588992 
L 350.721263 -305.675966 
L 352.486708 -313.639374 
L 354.939492 -321.41861 
L 358.060947 -328.954469 
L 361.827318 -336.1896 
L 366.209939 -343.068938 
L 371.175457 -349.540127 
L 376.686082 -355.553918 
L 382.699873 -361.064543 
L 389.171062 -366.030061 
L 396.0504 -370.412682 
L 403.285531 -374.179053 
L 410.82139 -377.300508 
L 418.600626 -379.753292 
L 426.564034 -381.518737 
L 434.651008 -382.583407 
L 442.8 -382.9392 
z
" id="mf7ff341f2a" style="stroke:#d39cd3;"/>
    </defs>
    <g clip-path="url(#pa75b2362e9)">
     <use style="fill:#d39cd3;stroke:#d39cd3;" x="0" xlink:href="#mf7ff341f2a" y="576"/>
    </g>
   </g>
   <g id="PolyCollection_7">
    <defs>
     <path d="M 442.8 -382.9392 
L 442.8 -382.9392 
L 434.651008 -382.583407 
L 426.564034 -381.518737 
L 418.600626 -379.753292 
L 410.82139 -377.300508 
L 403.285531 -374.179053 
L 396.0504 -370.412682 
L 389.171062 -366.030061 
L 382.699873 -361.064543 
L 376.686082 -355.553918 
L 371.175457 -349.540127 
L 366.209939 -343.068938 
L 361.827318 -336.1896 
L 358.060947 -328.954469 
L 354.939492 -321.41861 
L 352.486708 -313.639374 
L 350.721263 -305.675966 
L 349.656593 -297.588992 
L 349.3008 -289.44 
L 349.656593 -281.291008 
L 350.721263 -273.204034 
L 352.486708 -265.240626 
L 354.939492 -257.46139 
L 358.060947 -249.925531 
L 361.827318 -242.6904 
L 439.033829 -287.2656 
L 439.237672 -286.945631 
L 439.468626 -286.644645 
L 439.724934 -286.364934 
L 440.004645 -286.108626 
L 440.305631 -285.877672 
L 440.6256 -285.673829 
L 440.962118 -285.498649 
L 441.312623 -285.353465 
L 441.674448 -285.239382 
L 442.044839 -285.157268 
L 442.420977 -285.107748 
L 442.8 -285.0912 
L 443.179023 -285.107748 
L 443.555161 -285.157268 
L 443.925552 -285.239382 
L 444.287377 -285.353465 
L 444.637882 -285.498649 
L 444.9744 -285.673829 
L 445.294369 -285.877672 
L 445.595355 -286.108626 
L 445.875066 -286.364934 
L 446.131374 -286.644645 
L 446.362328 -286.945631 
L 446.566171 -287.2656 
L 444.683086 -288.3528 
L 444.770676 -288.521059 
L 444.843268 -288.696311 
L 444.900309 -288.877224 
L 444.941366 -289.062419 
L 444.966126 -289.250489 
L 444.9744 -289.44 
L 444.966126 -289.629511 
L 444.941366 -289.817581 
L 444.900309 -290.002776 
L 444.843268 -290.183689 
L 444.770676 -290.358941 
L 444.683086 -290.5272 
L 444.581164 -290.687185 
L 444.465687 -290.837677 
L 444.337533 -290.977533 
L 444.197677 -291.105687 
L 444.047185 -291.221164 
L 443.8872 -291.323086 
L 443.718941 -291.410676 
L 443.543689 -291.483268 
L 443.362776 -291.540309 
L 443.177581 -291.581366 
L 442.989511 -291.606126 
L 442.8 -291.6144 
L 442.8 -291.6144 
L 442.8 -291.6144 
L 442.989511 -291.606126 
L 443.177581 -291.581366 
L 443.362776 -291.540309 
L 443.543689 -291.483268 
L 443.718941 -291.410676 
L 443.8872 -291.323086 
L 444.047185 -291.221164 
L 444.197677 -291.105687 
L 444.337533 -290.977533 
L 444.465687 -290.837677 
L 444.581164 -290.687185 
L 444.683086 -290.5272 
L 444.770676 -290.358941 
L 444.843268 -290.183689 
L 444.900309 -290.002776 
L 444.941366 -289.817581 
L 444.966126 -289.629511 
L 444.9744 -289.44 
L 444.966126 -289.250489 
L 444.941366 -289.062419 
L 444.900309 -288.877224 
L 444.843268 -288.696311 
L 444.770676 -288.521059 
L 444.683086 -288.3528 
L 446.566171 -287.2656 
L 446.362328 -286.945631 
L 446.131374 -286.644645 
L 445.875066 -286.364934 
L 445.595355 -286.108626 
L 445.294369 -285.877672 
L 444.9744 -285.673829 
L 444.637882 -285.498649 
L 444.287377 -285.353465 
L 443.925552 -285.239382 
L 443.555161 -285.157268 
L 443.179023 -285.107748 
L 442.8 -285.0912 
L 442.420977 -285.107748 
L 442.044839 -285.157268 
L 441.674448 -285.239382 
L 441.312623 -285.353465 
L 440.962118 -285.498649 
L 440.6256 -285.673829 
L 440.305631 -285.877672 
L 440.004645 -286.108626 
L 439.724934 -286.364934 
L 439.468626 -286.644645 
L 439.237672 -286.945631 
L 439.033829 -287.2656 
L 361.827318 -242.6904 
L 358.060947 -249.925531 
L 354.939492 -257.46139 
L 352.486708 -265.240626 
L 350.721263 -273.204034 
L 349.656593 -281.291008 
L 349.3008 -289.44 
L 349.656593 -297.588992 
L 350.721263 -305.675966 
L 352.486708 -313.639374 
L 354.939492 -321.41861 
L 358.060947 -328.954469 
L 361.827318 -336.1896 
L 366.209939 -343.068938 
L 371.175457 -349.540127 
L 376.686082 -355.553918 
L 382.699873 -361.064543 
L 389.171062 -366.030061 
L 396.0504 -370.412682 
L 403.285531 -374.179053 
L 410.82139 -377.300508 
L 418.600626 -379.753292 
L 426.564034 -381.518737 
L 434.651008 -382.583407 
L 442.8 -382.9392 
z
" id="me5ae46ad3d" style="stroke:#c1ceeb;"/>
    </defs>
    <g clip-path="url(#pa75b2362e9)">
     <use style="fill:#c1ceeb;stroke:#c1ceeb;" x="0" xlink:href="#me5ae46ad3d" y="576"/>
    </g>
   </g>
   <g id="PolyCollection_8">
    <defs>
     <path d="M 442.8 -506.88 
L 442.8 -382.9392 
L 434.651008 -382.583407 
L 426.564034 -381.518737 
L 418.600626 -379.753292 
L 410.82139 -377.300508 
L 403.285531 -374.179053 
L 396.0504 -370.412682 
L 389.171062 -366.030061 
L 382.699873 -361.064543 
L 376.686082 -355.553918 
L 371.175457 -349.540127 
L 366.209939 -343.068938 
L 361.827318 -336.1896 
L 358.060947 -328.954469 
L 354.939492 -321.41861 
L 352.486708 -313.639374 
L 350.721263 -305.675966 
L 349.656593 -297.588992 
L 349.3008 -289.44 
L 349.656593 -281.291008 
L 350.721263 -273.204034 
L 352.486708 -265.240626 
L 354.939492 -257.46139 
L 358.060947 -249.925531 
L 361.827318 -242.6904 
L 439.033829 -287.2656 
L 439.237672 -286.945631 
L 439.468626 -286.644645 
L 439.724934 -286.364934 
L 440.004645 -286.108626 
L 440.305631 -285.877672 
L 440.6256 -285.673829 
L 440.962118 -285.498649 
L 441.312623 -285.353465 
L 441.674448 -285.239382 
L 442.044839 -285.157268 
L 442.420977 -285.107748 
L 442.8 -285.0912 
L 443.179023 -285.107748 
L 443.555161 -285.157268 
L 443.925552 -285.239382 
L 444.287377 -285.353465 
L 444.637882 -285.498649 
L 444.9744 -285.673829 
L 445.294369 -285.877672 
L 445.595355 -286.108626 
L 445.875066 -286.364934 
L 446.131374 -286.644645 
L 446.362328 -286.945631 
L 446.566171 -287.2656 
L 444.683086 -288.3528 
L 444.770676 -288.521059 
L 444.843268 -288.696311 
L 444.900309 -288.877224 
L 444.941366 -289.062419 
L 444.966126 -289.250489 
L 444.9744 -289.44 
L 444.966126 -289.629511 
L 444.941366 -289.817581 
L 444.900309 -290.002776 
L 444.843268 -290.183689 
L 444.770676 -290.358941 
L 444.683086 -290.5272 
L 444.581164 -290.687185 
L 444.465687 -290.837677 
L 444.337533 -290.977533 
L 444.197677 -291.105687 
L 444.047185 -291.221164 
L 443.8872 -291.323086 
L 443.718941 -291.410676 
L 443.543689 -291.483268 
L 443.362776 -291.540309 
L 443.177581 -291.581366 
L 442.989511 -291.606126 
L 442.8 -291.6144 
L 442.8 -454.6944 
L 442.8 -454.6944 
L 457.20287 -454.065557 
L 471.496125 -452.183814 
L 485.570986 -449.063493 
L 499.320334 -444.72834 
L 512.639527 -439.21135 
L 525.4272 -432.554508 
L 537.58603 -424.80848 
L 549.023481 -416.032215 
L 559.652507 -406.292507 
L 569.392215 -395.663481 
L 578.16848 -384.22603 
L 585.914508 -372.0672 
L 592.57135 -359.279527 
L 598.08834 -345.960334 
L 602.423493 -332.210986 
L 605.543814 -318.136125 
L 607.425557 -303.84287 
L 608.0544 -289.44 
L 607.425557 -275.03713 
L 605.543814 -260.743875 
L 602.423493 -246.669014 
L 598.08834 -232.919666 
L 592.57135 -219.600473 
L 585.914508 -206.8128 
L 516.24034 -247.0392 
L 512.265404 -240.7998 
L 507.761794 -234.930582 
L 502.763786 -229.476214 
L 497.309418 -224.478206 
L 491.4402 -219.974596 
L 485.2008 -215.99966 
L 478.638705 -212.58365 
L 471.803855 -209.752562 
L 464.748269 -207.527944 
L 457.525643 -205.926727 
L 450.190946 -204.961096 
L 442.8 -204.6384 
L 435.409054 -204.961096 
L 428.074357 -205.926727 
L 420.851731 -207.527944 
L 413.796145 -209.752562 
L 406.961295 -212.58365 
L 400.3992 -215.99966 
L 394.1598 -219.974596 
L 388.290582 -224.478206 
L 382.836214 -229.476214 
L 377.838206 -234.930582 
L 373.334596 -240.7998 
L 369.35966 -247.0392 
L 254.491436 -180.72 
L 245.732435 -197.545885 
L 238.473237 -215.07114 
L 232.769088 -233.162387 
L 228.663402 -251.68194 
L 226.187425 -270.488855 
L 225.36 -289.44 
L 226.187425 -308.391145 
L 228.663402 -327.19806 
L 232.769088 -345.717613 
L 238.473237 -363.80886 
L 245.732435 -381.334115 
L 254.491436 -398.16 
L 264.683579 -414.15846 
L 276.231296 -429.207738 
L 289.046701 -443.193299 
L 303.032262 -456.008704 
L 318.08154 -467.556421 
L 334.08 -477.748564 
L 350.905885 -486.507565 
L 368.43114 -493.766763 
L 386.522387 -499.470912 
L 405.04194 -503.576598 
L 423.848855 -506.052575 
L 442.8 -506.88 
z
" id="m29de3db4d5" style="stroke:#fce4c5;"/>
    </defs>
    <g clip-path="url(#pa75b2362e9)">
     <use style="fill:#fce4c5;stroke:#fce4c5;" x="0" xlink:href="#m29de3db4d5" y="576"/>
    </g>
   </g>
   <g id="matplotlib.axis_1">
    <g id="xtick_1">
     <g id="line2d_1">
      <path clip-path="url(#pa75b2362e9)" d="M 442.8 286.56 
L 442.8 69.12 
" style="fill:none;stroke:#b0b0b0;stroke-linecap:square;stroke-width:0.8;"/>
     </g>
    </g>
    <g id="xtick_2">
     <g id="line2d_2">
      <path clip-path="url(#pa75b2362e9)" d="M 442.8 286.56 
L 254.491436 395.28 
" style="fill:none;stroke:#b0b0b0;stroke-linecap:square;stroke-width:0.8;"/>
     </g>
    </g>
    <g id="xtick_3">
     <g id="line2d_3">
      <path clip-path="url(#pa75b2362e9)" d="M 442.8 286.56 
L 631.108564 395.28 
" style="fill:none;stroke:#b0b0b0;stroke-linecap:square;stroke-width:0.8;"/>
     </g>
    </g>
   </g>
   <g id="matplotlib.axis_2"/>
   <g id="patch_3">
    <path d="M 442.8 69.12 
C 414.246041 69.12 385.969733 74.744507 359.589314 85.671634 
C 333.208896 96.598762 309.2374 112.616003 289.046701 132.806701 
C 268.856003 152.9974 252.838762 176.968896 241.911634 203.349314 
C 230.984507 229.729733 225.36 258.006041 225.36 286.56 
C 225.36 315.113959 230.984507 343.390267 241.911634 369.770686 
C 252.838762 396.151104 268.856003 420.1226 289.046701 440.313299 
C 309.2374 460.503997 333.208896 476.521238 359.589314 487.448366 
C 385.969733 498.375493 414.246041 504 442.8 504 
C 471.353959 504 499.630267 498.375493 526.010686 487.448366 
C 552.391104 476.521238 576.3626 460.503997 596.553299 440.313299 
C 616.743997 420.1226 632.761238 396.151104 643.688366 369.770686 
C 654.615493 343.390267 660.24 315.113959 660.24 286.56 
C 660.24 258.006041 654.615493 229.729733 643.688366 203.349314 
C 632.761238 176.968896 616.743997 152.9974 596.553299 132.806701 
C 576.3626 112.616003 552.391104 96.598762 526.010686 85.671634 
C 499.630267 74.744507 471.353959 69.12 442.8 69.12 
" style="fill:none;stroke:#000000;stroke-linecap:square;stroke-linejoin:miter;stroke-width:0.8;"/>
   </g>
  </g>
 </g>
 <defs>
  <clipPath id="pa75b2362e9">
   <path d="M 660.24 286.56 
C 660.24 258.006041 654.615493 229.729733 643.688366 203.349314 
C 632.761238 176.968896 616.743997 152.9974 596.553299 132.806701 
C 576.3626 112.616003 552.391104 96.598762 526.010686 85.671634 
C 499.630267 74.744507 471.353959 69.12 442.8 69.12 
C 414.246041 69.12 385.969733 74.744507 359.589314 85.671634 
C 333.208896 96.598762 309.2374 112.616003 289.046701 132.806701 
C 268.856003 152.9974 252.838762 176.968896 241.911634 203.349314 
C 230.984507 229.729733 225.36 258.006041 225.36 286.56 
C 225.36 315.113959 230.984507 343.390267 241.911634 369.770686 
C 252.838762 396.151104 268.856003 420.1226 289.046701 440.313299 
C 309.2374 460.503997 333.208896 476.521238 359.589314 487.448366 
C 385.969733 498.375493 414.246041 504 442.8 504 
C 471.353959 504 499.630267 498.375493 526.010686 487.448366 
C 552.391104 476.521238 576.3626 460.503997 596.553299 440.313299 
C 616.743997 420.1226 632.761238 396.151104 643.688366 369.770686 
C 654.615493 343.390267 660.24 315.113959 660.24 286.56 
M 442.8 286.56 
C 442.8 286.56 442.8 286.56 442.8 286.56 
C 442.8 286.56 442.8 286.56 442.8 286.56 
C 442.8 286.56 442.8 286.56 442.8 286.56 
C 442.8 286.56 442.8 286.56 442.8 286.56 
C 442.8 286.56 442.8 286.56 442.8 286.56 
C 442.8 286.56 442.8 286.56 442.8 286.56 
C 442.8 286.56 442.8 286.56 442.8 286.56 
C 442.8 286.56 442.8 286.56 442.8 286.56 
C 442.8 286.56 442.8 286.56 442.8 286.56 
C 442.8 286.56 442.8 286.56 442.8 286.56 
C 442.8 286.56 442.8 286.56 442.8 286.56 
C 442.8 286.56 442.8 286.56 442.8 286.56 
C 442.8 286.56 442.8 286.56 442.8 286.56 
C 442.8 286.56 442.8 286.56 442.8 286.56 
C 442.8 286.56 442.8 286.56 442.8 286.56 
C 442.8 286.56 442.8 286.56 442.8 286.56 
M 660.24 286.56 
z
"/>
  </clipPath>
 </defs>
</svg>
